20 0.704295
25.96 0.802401
31.92 0.889756
37.88 0.969269
43.84 1.04274
49.8 1.11136
55.76 1.17598
61.72 1.23724
67.68 1.2956
73.64 1.35144
79.6 1.40506
85.56 1.45672
91.52 1.5066
97.48 1.55488
103.44 1.60171
109.4 1.64721
115.36 1.69148
121.32 1.73462
127.28 1.77672
133.24 1.81784
139.2 1.85806
145.16 1.89742
151.12 1.93598
157.08 1.97378
163.04 2.01088
169 2.04731
174.96 2.08309
180.92 2.11828
186.88 2.15288
192.84 2.18695
198.8 2.22048
204.76 2.25352
210.72 2.28608
216.68 2.31819
222.64 2.34985
228.6 2.3811
234.56 2.41194
240.52 2.44239
246.48 2.47247
252.44 2.50218
258.4 2.53154
264.36 2.56057
270.32 2.58928
276.28 2.61767
282.24 2.64575
288.2 2.67354
294.16 2.70104
300.12 2.72827
306.08 2.75522
312.04 2.78192
318 2.80836
323.96 2.83456
329.92 2.86051
335.88 2.88623
341.84 2.91173
347.8 2.937
353.76 2.96206
359.72 2.98691
365.68 3.01155
371.64 3.03599
377.6 3.06024
383.56 3.0843
389.52 3.10817
395.48 3.13185
401.44 3.15537
407.4 3.1787
413.36 3.20187
419.32 3.22487
425.28 3.24771
431.24 3.27038
437.2 3.29291
443.16 3.31528
449.12 3.33749
455.08 3.35957
461.04 3.38149
467 3.40328
472.96 3.42493
478.92 3.44644
484.88 3.46782
490.84 3.48907
496.8 3.51019
502.76 3.53118
508.72 3.55205
514.68 3.57279
520.64 3.59342
526.6 3.61393
532.56 3.63432
538.52 3.6546
544.48 3.67477
550.44 3.69483
556.4 3.71478
562.36 3.73462
568.32 3.75436
574.28 3.77399
580.24 3.79353
586.2 3.81296
592.16 3.83229
598.12 3.85153
604.08 3.87067
610.04 3.88972
616 3.90868
621.96 3.92754
627.92 3.94631
633.88 3.965
639.84 3.98359
645.8 4.0021
651.76 4.02053
657.72 4.03887
663.68 4.05713
669.64 4.0753
675.6 4.0934
681.56 4.11142
687.52 4.12935
693.48 4.14721
699.44 4.165
705.4 4.1827
711.36 4.20034
717.32 4.2179
723.28 4.23538
729.24 4.2528
735.2 4.27014
741.16 4.28741
747.12 4.30462
753.08 4.32175
759.04 4.33882
765 4.35582
770.96 4.37276
776.92 4.38963
782.88 4.40643
788.84 4.42317
794.8 4.43985
800.76 4.45647
806.72 4.47302
812.68 4.48951
818.64 4.50594
824.6 4.52232
830.56 4.53863
836.52 4.55489
842.48 4.57108
848.44 4.58722
854.4 4.60331
860.36 4.61934
866.32 4.63531
872.28 4.65122
878.24 4.66709
884.2 4.6829
890.16 4.69865
896.12 4.71436
902.08 4.73001
908.04 4.74561
914 4.76116
919.96 4.77665
925.92 4.7921
931.88 4.8075
937.84 4.82285
943.8 4.83815
949.76 4.8534
955.72 4.86861
961.68 4.88376
967.64 4.89887
973.6 4.91394
979.56 4.92896
985.52 4.94393
991.48 4.95885
997.44 4.97374
1003.4 4.98857
1009.36 5.00337
1015.32 5.01812
1021.28 5.03282
1027.24 5.04749
1033.2 5.06211
1039.16 5.07669
1045.12 5.09123
1051.08 5.10572
1057.04 5.12018
1063 5.13459
1068.96 5.14897
1074.92 5.1633
1080.88 5.1776
1086.84 5.19185
1092.8 5.20607
1098.76 5.22024
1104.72 5.23438
1110.68 5.24848
1116.64 5.26255
1122.6 5.27657
1128.56 5.29056
1134.52 5.30451
1140.48 5.31843
1146.44 5.33231
1152.4 5.34615
1158.36 5.35995
1164.32 5.37373
1170.28 5.38746
1176.24 5.40116
1182.2 5.41483
1188.16 5.42846
1194.12 5.44206
1200.08 5.45562
1206.04 5.46915
1212 5.48265
1217.96 5.49612
1223.92 5.50955
1229.88 5.52295
1235.84 5.53631
1241.8 5.54964
1247.76 5.56295
1253.72 5.57622
1259.68 5.58946
1265.64 5.60266
1271.6 5.61584
1277.56 5.62898
1283.52 5.6421
1289.48 5.65518
1295.44 5.66824
1301.4 5.68126
1307.36 5.69426
1313.32 5.70722
1319.28 5.72016
1325.24 5.73306
1331.2 5.74594
1337.16 5.75879
1343.12 5.77161
1349.08 5.7844
1355.04 5.79716
1361 5.8099
1366.96 5.8226
1372.92 5.83528
1378.88 5.84794
1384.84 5.86056
1390.8 5.87316
1396.76 5.88573
1402.72 5.89827
1408.68 5.91079
1414.64 5.92328
1420.6 5.93575
1426.56 5.94818
1432.52 5.9606
1438.48 5.97298
1444.44 5.98534
1450.4 5.99768
1456.36 6.00999
1462.32 6.02227
1468.28 6.03453
1474.24 6.04677
1480.2 6.05898
1486.16 6.07117
1492.12 6.08333
1498.08 6.09547
1504.04 6.10758
1510 6.11967
1515.96 6.13173
1521.92 6.14377
1527.88 6.15579
1533.84 6.16779
1539.8 6.17976
1545.76 6.19171
1551.72 6.20363
1557.68 6.21553
1563.64 6.22741
1569.6 6.23927
1575.56 6.25111
1581.52 6.26292
1587.48 6.27471
1593.44 6.28648
1599.4 6.29822
1605.36 6.30995
1611.32 6.32165
1617.28 6.33333
1623.24 6.34499
1629.2 6.35662
1635.16 6.36824
1641.12 6.37984
1647.08 6.39141
1653.04 6.40296
1659 6.4145
1664.96 6.42601
1670.92 6.4375
1676.88 6.44897
1682.84 6.46042
1688.8 6.47185
1694.76 6.48326
1700.72 6.49465
1706.68 6.50602
1712.64 6.51737
1718.6 6.5287
1724.56 6.54001
1730.52 6.5513
1736.48 6.56257
1742.44 6.57383
1748.4 6.58506
1754.36 6.59627
1760.32 6.60747
1766.28 6.61865
1772.24 6.6298
1778.2 6.64094
1784.16 6.65206
1790.12 6.66316
1796.08 6.67425
1802.04 6.68531
1808 6.69636
1813.96 6.70738
1819.92 6.71839
1825.88 6.72939
1831.84 6.74036
1837.8 6.75132
1843.76 6.76226
1849.72 6.77318
1855.68 6.78408
1861.64 6.79496
1867.6 6.80583
1873.56 6.81668
1879.52 6.82752
1885.48 6.83833
1891.44 6.84913
1897.4 6.85992
1903.36 6.87068
1909.32 6.88143
1915.28 6.89216
1921.24 6.90288
1927.2 6.91358
1933.16 6.92426
1939.12 6.93492
1945.08 6.94557
1951.04 6.95621
1957 6.96682
1962.96 6.97742
1968.92 6.98801
1974.88 6.99858
1980.84 7.00913
1986.8 7.01967
1992.76 7.03019
1998.72 7.04069
2004.68 7.05118
2010.64 7.06166
2016.6 7.07211
2022.56 7.08256
2028.52 7.09298
2034.48 7.1034
2040.44 7.11379
2046.4 7.12418
2052.36 7.13454
2058.32 7.14489
2064.28 7.15523
2070.24 7.16555
2076.2 7.17586
2082.16 7.18615
2088.12 7.19643
2094.08 7.20669
2100.04 7.21694
2106 7.22717
2111.96 7.23739
2117.92 7.2476
2123.88 7.25779
2129.84 7.26797
2135.8 7.27813
2141.76 7.28828
2147.72 7.29841
2153.68 7.30853
2159.64 7.31863
2165.6 7.32873
2171.56 7.3388
2177.52 7.34887
2183.48 7.35892
2189.44 7.36895
2195.4 7.37898
2201.36 7.38899
2207.32 7.39898
2213.28 7.40896
2219.24 7.41893
2225.2 7.42889
2231.16 7.43883
2237.12 7.44876
2243.08 7.45868
2249.04 7.46858
2255 7.47847
2260.96 7.48834
2266.92 7.49821
2272.88 7.50806
2278.84 7.5179
2284.8 7.52772
2290.76 7.53753
2296.72 7.54733
2302.68 7.55712
2308.64 7.56689
2314.6 7.57665
2320.56 7.5864
2326.52 7.59614
2332.48 7.60586
2338.44 7.61557
2344.4 7.62527
2350.36 7.63496
2356.32 7.64463
2362.28 7.65429
2368.24 7.66394
2374.2 7.67358
2380.16 7.68321
2386.12 7.69282
2392.08 7.70242
2398.04 7.71201
2404 7.72159
2409.96 7.73115
2415.92 7.74071
2421.88 7.75025
2427.84 7.75978
2433.8 7.7693
2439.76 7.77881
2445.72 7.7883
2451.68 7.79778
2457.64 7.80726
2463.6 7.81672
2469.56 7.82617
2475.52 7.83561
2481.48 7.84503
2487.44 7.85445
2493.4 7.86385
2499.36 7.87325
2505.32 7.88263
2511.28 7.892
2517.24 7.90136
2523.2 7.91071
2529.16 7.92004
2535.12 7.92937
2541.08 7.93868
2547.04 7.94799
2553 7.95728
2558.96 7.96657
2564.92 7.97584
2570.88 7.9851
2576.84 7.99435
2582.8 8.00359
2588.76 8.01282
2594.72 8.02204
2600.68 8.03124
2606.64 8.04044
2612.6 8.04963
2618.56 8.0588
2624.52 8.06797
2630.48 8.07713
2636.44 8.08627
2642.4 8.09541
2648.36 8.10453
2654.32 8.11365
2660.28 8.12275
2666.24 8.13184
2672.2 8.14093
2678.16 8.15
2684.12 8.15906
2690.08 8.16812
2696.04 8.17716
2702 8.18619
2707.96 8.19522
2713.92 8.20423
2719.88 8.21323
2725.84 8.22223
2731.8 8.23121
2737.76 8.24019
2743.72 8.24915
2749.68 8.25811
2755.64 8.26705
2761.6 8.27599
2767.56 8.28491
2773.52 8.29383
2779.48 8.30273
2785.44 8.31163
2791.4 8.32052
2797.36 8.3294
2803.32 8.33827
2809.28 8.34712
2815.24 8.35597
2821.2 8.36481
2827.16 8.37365
2833.12 8.38247
2839.08 8.39128
2845.04 8.40008
2851 8.40888
2856.96 8.41766
2862.92 8.42644
2868.88 8.4352
2874.84 8.44396
2880.8 8.45271
2886.76 8.46145
2892.72 8.47018
2898.68 8.4789
2904.64 8.48761
2910.6 8.49632
2916.56 8.50501
2922.52 8.5137
2928.48 8.52237
2934.44 8.53104
2940.4 8.5397
2946.36 8.54835
2952.32 8.55699
2958.28 8.56562
2964.24 8.57425
2970.2 8.58286
2976.16 8.59147
2982.12 8.60007
2988.08 8.60866
2994.04 8.61724
