20 5
25.96 5.69649
31.92 6.31664
37.88 6.88113
43.84 7.4027
49.8 7.88986
55.76 8.34865
61.72 8.7835
67.68 9.19782
73.64 9.59426
79.6 9.97496
85.56 10.3417
91.52 10.6958
97.48 11.0386
103.44 11.371
109.4 11.694
115.36 12.0083
121.32 12.3146
127.28 12.6135
133.24 12.9054
139.2 13.1909
145.16 13.4703
151.12 13.7441
157.08 14.0125
163.04 14.2758
169 14.5344
174.96 14.7885
180.92 15.0383
186.88 15.284
192.84 15.5258
198.8 15.7639
204.76 15.9984
210.72 16.2296
216.68 16.4575
222.64 16.6823
228.6 16.9041
234.56 17.1231
240.52 17.3392
246.48 17.5528
252.44 17.7637
258.4 17.9722
264.36 18.1783
270.32 18.382
276.28 18.5836
282.24 18.783
288.2 18.9802
294.16 19.1755
300.12 19.3688
306.08 19.5601
312.04 19.7497
318 19.9374
323.96 20.1234
329.92 20.3076
335.88 20.4902
341.84 20.6712
347.8 20.8506
353.76 21.0285
359.72 21.2049
365.68 21.3799
371.64 21.5534
377.6 21.7255
383.56 21.8963
389.52 22.0658
395.48 22.234
401.44 22.4009
407.4 22.5665
413.36 22.731
419.32 22.8943
425.28 23.0564
431.24 23.2174
437.2 23.3773
443.16 23.5361
449.12 23.6939
455.08 23.8506
461.04 24.0062
467 24.1609
472.96 24.3146
478.92 24.4673
484.88 24.6191
490.84 24.7699
496.8 24.9199
502.76 25.0689
508.72 25.217
514.68 25.3643
520.64 25.5108
526.6 25.6564
532.56 25.8011
538.52 25.9451
544.48 26.0883
550.44 26.2307
556.4 26.3723
562.36 26.5132
568.32 26.6533
574.28 26.7927
580.24 26.9314
586.2 27.0693
592.16 27.2066
598.12 27.3432
604.08 27.4791
610.04 27.6143
616 27.7488
621.96 27.8828
627.92 28.016
633.88 28.1487
639.84 28.2807
645.8 28.4121
651.76 28.5429
657.72 28.6731
663.68 28.8028
669.64 28.9318
675.6 29.0603
681.56 29.1882
687.52 29.3155
693.48 29.4423
699.44 29.5685
705.4 29.6942
711.36 29.8194
717.32 29.9441
723.28 30.0682
729.24 30.1919
735.2 30.315
741.16 30.4376
747.12 30.5598
753.08 30.6814
759.04 30.8026
765 30.9233
770.96 31.0435
776.92 31.1633
782.88 31.2826
788.84 31.4014
794.8 31.5198
800.76 31.6378
806.72 31.7553
812.68 31.8724
818.64 31.989
824.6 32.1053
830.56 32.2211
836.52 32.3365
842.48 32.4515
848.44 32.5661
854.4 32.6802
860.36 32.794
866.32 32.9074
872.28 33.0204
878.24 33.133
884.2 33.2453
890.16 33.3571
896.12 33.4686
902.08 33.5797
908.04 33.6905
914 33.8009
919.96 33.9109
925.92 34.0206
931.88 34.1299
937.84 34.2388
943.8 34.3475
949.76 34.4557
955.72 34.5637
961.68 34.6713
967.64 34.7786
973.6 34.8855
979.56 34.9921
985.52 35.0984
991.48 35.2044
997.44 35.31
1003.4 35.4154
1009.36 35.5204
1015.32 35.6251
1021.28 35.7295
1027.24 35.8336
1033.2 35.9374
1039.16 36.0409
1045.12 36.1441
1051.08 36.247
1057.04 36.3497
1063 36.452
1068.96 36.554
1074.92 36.6558
1080.88 36.7573
1086.84 36.8585
1092.8 36.9594
1098.76 37.0601
1104.72 37.1604
1110.68 37.2605
1116.64 37.3604
1122.6 37.4599
1128.56 37.5593
1134.52 37.6583
1140.48 37.7571
1146.44 37.8556
1152.4 37.9539
1158.36 38.0519
1164.32 38.1497
1170.28 38.2472
1176.24 38.3445
1182.2 38.4415
1188.16 38.5383
1194.12 38.6348
1200.08 38.7311
1206.04 38.8271
1212 38.923
1217.96 39.0186
1223.92 39.1139
1229.88 39.209
1235.84 39.3039
1241.8 39.3986
1247.76 39.493
1253.72 39.5872
1259.68 39.6812
1265.64 39.775
1271.6 39.8685
1277.56 39.9618
1283.52 40.0549
1289.48 40.1478
1295.44 40.2405
1301.4 40.333
1307.36 40.4252
1313.32 40.5172
1319.28 40.6091
1325.24 40.7007
1331.2 40.7921
1337.16 40.8833
1343.12 40.9743
1349.08 41.0652
1355.04 41.1558
1361 41.2462
1366.96 41.3364
1372.92 41.4264
1378.88 41.5162
1384.84 41.6059
1390.8 41.6953
1396.76 41.7845
1402.72 41.8736
1408.68 41.9624
1414.64 42.0511
1420.6 42.1396
1426.56 42.2279
1432.52 42.316
1438.48 42.404
1444.44 42.4917
1450.4 42.5793
1456.36 42.6667
1462.32 42.7539
1468.28 42.8409
1474.24 42.9278
1480.2 43.0145
1486.16 43.101
1492.12 43.1873
1498.08 43.2735
1504.04 43.3595
1510 43.4453
1515.96 43.531
1521.92 43.6165
1527.88 43.7018
1533.84 43.7869
1539.8 43.8719
1545.76 43.9568
1551.72 44.0414
1557.68 44.1259
1563.64 44.2103
1569.6 44.2944
1575.56 44.3784
1581.52 44.4623
1587.48 44.546
1593.44 44.6295
1599.4 44.7129
1605.36 44.7962
1611.32 44.8792
1617.28 44.9622
1623.24 45.0449
1629.2 45.1276
1635.16 45.21
1641.12 45.2923
1647.08 45.3745
1653.04 45.4565
1659 45.5384
1664.96 45.6201
1670.92 45.7017
1676.88 45.7831
1682.84 45.8644
1688.8 45.9456
1694.76 46.0266
1700.72 46.1074
1706.68 46.1882
1712.64 46.2687
1718.6 46.3492
1724.56 46.4295
1730.52 46.5096
1736.48 46.5897
1742.44 46.6695
1748.4 46.7493
1754.36 46.8289
1760.32 46.9084
1766.28 46.9877
1772.24 47.0669
1778.2 47.146
1784.16 47.225
1790.12 47.3038
1796.08 47.3824
1802.04 47.461
1808 47.5394
1813.96 47.6177
1819.92 47.6959
1825.88 47.7739
1831.84 47.8518
1837.8 47.9296
1843.76 48.0072
1849.72 48.0848
1855.68 48.1622
1861.64 48.2395
1867.6 48.3166
1873.56 48.3937
1879.52 48.4706
1885.48 48.5474
1891.44 48.624
1897.4 48.7006
1903.36 48.777
1909.32 48.8533
1915.28 48.9295
1921.24 49.0056
1927.2 49.0815
1933.16 49.1574
1939.12 49.2331
1945.08 49.3087
1951.04 49.3842
1957 49.4595
1962.96 49.5348
1968.92 49.6099
1974.88 49.685
1980.84 49.7599
1986.8 49.8347
1992.76 49.9094
1998.72 49.984
2004.68 50.0584
2010.64 50.1328
2016.6 50.207
2022.56 50.2812
2028.52 50.3552
2034.48 50.4291
2040.44 50.5029
2046.4 50.5766
2052.36 50.6502
2058.32 50.7237
2064.28 50.7971
2070.24 50.8704
2076.2 50.9436
2082.16 51.0166
2088.12 51.0896
2094.08 51.1624
2100.04 51.2352
2106 51.3078
2111.96 51.3804
2117.92 51.4528
2123.88 51.5252
2129.84 51.5974
2135.8 51.6696
2141.76 51.7416
2147.72 51.8136
2153.68 51.8854
2159.64 51.9571
2165.6 52.0288
2171.56 52.1003
2177.52 52.1718
2183.48 52.2431
2189.44 52.3144
2195.4 52.3855
2201.36 52.4566
2207.32 52.5276
2213.28 52.5984
2219.24 52.6692
2225.2 52.7399
2231.16 52.8105
2237.12 52.881
2243.08 52.9513
2249.04 53.0216
2255 53.0919
2260.96 53.162
2266.92 53.232
2272.88 53.3019
2278.84 53.3718
2284.8 53.4415
2290.76 53.5112
2296.72 53.5807
2302.68 53.6502
2308.64 53.7196
2314.6 53.7889
2320.56 53.8581
2326.52 53.9272
2332.48 53.9962
2338.44 54.0652
2344.4 54.134
2350.36 54.2028
2356.32 54.2715
2362.28 54.3401
2368.24 54.4086
2374.2 54.477
2380.16 54.5453
2386.12 54.6136
2392.08 54.6818
2398.04 54.7498
2404 54.8178
2409.96 54.8857
2415.92 54.9536
2421.88 55.0213
2427.84 55.089
2433.8 55.1565
2439.76 55.224
2445.72 55.2915
2451.68 55.3588
2457.64 55.426
2463.6 55.4932
2469.56 55.5603
2475.52 55.6273
2481.48 55.6942
2487.44 55.761
2493.4 55.8278
2499.36 55.8945
2505.32 55.9611
2511.28 56.0276
2517.24 56.0941
2523.2 56.1604
2529.16 56.2267
2535.12 56.2929
2541.08 56.3591
2547.04 56.4251
2553 56.4911
2558.96 56.557
2564.92 56.6228
2570.88 56.6886
2576.84 56.7542
2582.8 56.8198
2588.76 56.8854
2594.72 56.9508
2600.68 57.0162
2606.64 57.0815
2612.6 57.1467
2618.56 57.2118
2624.52 57.2769
2630.48 57.3419
2636.44 57.4068
2642.4 57.4717
2648.36 57.5365
2654.32 57.6012
2660.28 57.6658
2666.24 57.7304
2672.2 57.7948
2678.16 57.8593
2684.12 57.9236
2690.08 57.9879
2696.04 58.0521
2702 58.1162
2707.96 58.1803
2713.92 58.2443
2719.88 58.3082
2725.84 58.372
2731.8 58.4358
2737.76 58.4995
2743.72 58.5632
2749.68 58.6267
2755.64 58.6902
2761.6 58.7537
2767.56 58.817
2773.52 58.8803
2779.48 58.9436
2785.44 59.0067
2791.4 59.0698
2797.36 59.1329
2803.32 59.1958
2809.28 59.2587
2815.24 59.3215
2821.2 59.3843
2827.16 59.447
2833.12 59.5096
2839.08 59.5722
2845.04 59.6347
2851 59.6971
2856.96 59.7595
2862.92 59.8218
2868.88 59.884
2874.84 59.9462
2880.8 60.0083
2886.76 60.0703
2892.72 60.1323
2898.68 60.1942
2904.64 60.2561
2910.6 60.3179
2916.56 60.3796
2922.52 60.4412
2928.48 60.5028
2934.44 60.5644
2940.4 60.6258
2946.36 60.6873
2952.32 60.7486
2958.28 60.8099
2964.24 60.8711
2970.2 60.9323
2976.16 60.9934
2982.12 61.0544
2988.08 61.1154
2994.04 61.1763
