20 1.09109
25.96 1.24307
31.92 1.3784
37.88 1.50159
43.84 1.6154
49.8 1.72171
55.76 1.82182
61.72 1.91672
67.68 2.00713
73.64 2.09364
79.6 2.17671
85.56 2.25673
91.52 2.33401
97.48 2.40881
103.44 2.48136
109.4 2.55184
115.36 2.62043
121.32 2.68727
127.28 2.75249
133.24 2.81619
139.2 2.87849
145.16 2.93947
151.12 2.9992
157.08 3.05777
163.04 3.11524
169 3.17167
174.96 3.22711
180.92 3.28162
186.88 3.33523
192.84 3.388
198.8 3.43996
204.76 3.49114
210.72 3.54159
216.68 3.59132
222.64 3.64038
228.6 3.68878
234.56 3.73656
240.52 3.78373
246.48 3.83033
252.44 3.87636
258.4 3.92185
264.36 3.96682
270.32 4.01129
276.28 4.05527
282.24 4.09878
288.2 4.14183
294.16 4.18443
300.12 4.22661
306.08 4.26837
312.04 4.30973
318 4.35069
323.96 4.39128
329.92 4.43149
335.88 4.47133
341.84 4.51083
347.8 4.54998
353.76 4.5888
359.72 4.6273
365.68 4.66547
371.64 4.70334
377.6 4.7409
383.56 4.77817
389.52 4.81515
395.48 4.85185
401.44 4.88827
407.4 4.92442
413.36 4.96031
419.32 4.99595
425.28 5.03133
431.24 5.06646
437.2 5.10135
443.16 5.136
449.12 5.17042
455.08 5.20462
461.04 5.23859
467 5.27234
472.96 5.30588
478.92 5.3392
484.88 5.37232
490.84 5.40524
496.8 5.43796
502.76 5.47048
508.72 5.50281
514.68 5.53495
520.64 5.5669
526.6 5.59868
532.56 5.63027
538.52 5.66169
544.48 5.69293
550.44 5.724
556.4 5.75491
562.36 5.78565
568.32 5.81623
574.28 5.84665
580.24 5.87691
586.2 5.90701
592.16 5.93697
598.12 5.96677
604.08 5.99642
610.04 6.02593
616 6.0553
621.96 6.08452
627.92 6.1136
633.88 6.14255
639.84 6.17136
645.8 6.20003
651.76 6.22858
657.72 6.25699
663.68 6.28528
669.64 6.31343
675.6 6.34147
681.56 6.36938
687.52 6.39717
693.48 6.42483
699.44 6.45238
705.4 6.47982
711.36 6.50713
717.32 6.53434
723.28 6.56143
729.24 6.5884
735.2 6.61527
741.16 6.64203
747.12 6.66868
753.08 6.69523
759.04 6.72167
765 6.74801
770.96 6.77425
776.92 6.80038
782.88 6.82641
788.84 6.85235
794.8 6.87819
800.76 6.90393
806.72 6.92957
812.68 6.95512
818.64 6.98058
824.6 7.00594
830.56 7.03122
836.52 7.0564
842.48 7.08149
848.44 7.1065
854.4 7.13141
860.36 7.15624
866.32 7.18099
872.28 7.20565
878.24 7.23022
884.2 7.25471
890.16 7.27912
896.12 7.30345
902.08 7.3277
908.04 7.35186
914 7.37595
919.96 7.39996
925.92 7.42389
931.88 7.44775
937.84 7.47153
943.8 7.49523
949.76 7.51886
955.72 7.54241
961.68 7.56589
967.64 7.5893
973.6 7.61264
979.56 7.6359
985.52 7.6591
991.48 7.68222
997.44 7.70528
1003.4 7.72827
1009.36 7.75118
1015.32 7.77403
1021.28 7.79682
1027.24 7.81954
1033.2 7.84219
1039.16 7.86477
1045.12 7.88729
1051.08 7.90975
1057.04 7.93215
1063 7.95448
1068.96 7.97675
1074.92 7.99895
1080.88 8.0211
1086.84 8.04318
1092.8 8.0652
1098.76 8.08717
1104.72 8.10907
1110.68 8.13092
1116.64 8.1527
1122.6 8.17443
1128.56 8.1961
1134.52 8.21771
1140.48 8.23927
1146.44 8.26077
1152.4 8.28222
1158.36 8.30361
1164.32 8.32494
1170.28 8.34622
1176.24 8.36745
1182.2 8.38862
1188.16 8.40974
1194.12 8.4308
1200.08 8.45182
1206.04 8.47278
1212 8.49369
1217.96 8.51455
1223.92 8.53535
1229.88 8.55611
1235.84 8.57682
1241.8 8.59747
1247.76 8.61808
1253.72 8.63864
1259.68 8.65915
1265.64 8.67961
1271.6 8.70002
1277.56 8.72038
1283.52 8.7407
1289.48 8.76097
1295.44 8.7812
1301.4 8.80137
1307.36 8.8215
1313.32 8.84159
1319.28 8.86163
1325.24 8.88162
1331.2 8.90157
1337.16 8.92148
1343.12 8.94134
1349.08 8.96115
1355.04 8.98092
1361 9.00065
1366.96 9.02034
1372.92 9.03998
1378.88 9.05958
1384.84 9.07914
1390.8 9.09866
1396.76 9.11813
1402.72 9.13756
1408.68 9.15696
1414.64 9.17631
1420.6 9.19562
1426.56 9.21489
1432.52 9.23412
1438.48 9.25331
1444.44 9.27246
1450.4 9.29157
1456.36 9.31064
1462.32 9.32967
1468.28 9.34866
1474.24 9.36762
1480.2 9.38653
1486.16 9.40541
1492.12 9.42425
1498.08 9.44305
1504.04 9.46182
1510 9.48055
1515.96 9.49924
1521.92 9.51789
1527.88 9.53651
1533.84 9.5551
1539.8 9.57364
1545.76 9.59215
1551.72 9.61063
1557.68 9.62906
1563.64 9.64747
1569.6 9.66584
1575.56 9.68417
1581.52 9.70247
1587.48 9.72074
1593.44 9.73897
1599.4 9.75716
1605.36 9.77532
1611.32 9.79345
1617.28 9.81155
1623.24 9.82961
1629.2 9.84764
1635.16 9.86564
1641.12 9.8836
1647.08 9.90153
1653.04 9.91943
1659 9.93729
1664.96 9.95513
1670.92 9.97293
1676.88 9.9907
1682.84 10.0084
1688.8 10.0261
1694.76 10.0438
1700.72 10.0615
1706.68 10.0791
1712.64 10.0967
1718.6 10.1142
1724.56 10.1317
1730.52 10.1492
1736.48 10.1667
1742.44 10.1841
1748.4 10.2015
1754.36 10.2189
1760.32 10.2362
1766.28 10.2536
1772.24 10.2708
1778.2 10.2881
1784.16 10.3053
1790.12 10.3225
1796.08 10.3397
1802.04 10.3568
1808 10.374
1813.96 10.391
1819.92 10.4081
1825.88 10.4251
1831.84 10.4421
1837.8 10.4591
1843.76 10.476
1849.72 10.493
1855.68 10.5099
1861.64 10.5267
1867.6 10.5436
1873.56 10.5604
1879.52 10.5771
1885.48 10.5939
1891.44 10.6106
1897.4 10.6273
1903.36 10.644
1909.32 10.6607
1915.28 10.6773
1921.24 10.6939
1927.2 10.7105
1933.16 10.727
1939.12 10.7435
1945.08 10.76
1951.04 10.7765
1957 10.793
1962.96 10.8094
1968.92 10.8258
1974.88 10.8421
1980.84 10.8585
1986.8 10.8748
1992.76 10.8911
1998.72 10.9074
2004.68 10.9236
2010.64 10.9399
2016.6 10.9561
2022.56 10.9722
2028.52 10.9884
2034.48 11.0045
2040.44 11.0206
2046.4 11.0367
2052.36 11.0528
2058.32 11.0688
2064.28 11.0848
2070.24 11.1008
2076.2 11.1168
2082.16 11.1327
2088.12 11.1487
2094.08 11.1646
2100.04 11.1804
2106 11.1963
2111.96 11.2121
2117.92 11.2279
2123.88 11.2437
2129.84 11.2595
2135.8 11.2752
2141.76 11.2909
2147.72 11.3066
2153.68 11.3223
2159.64 11.338
2165.6 11.3536
2171.56 11.3692
2177.52 11.3848
2183.48 11.4004
2189.44 11.4159
2195.4 11.4315
2201.36 11.447
2207.32 11.4625
2213.28 11.4779
2219.24 11.4934
2225.2 11.5088
2231.16 11.5242
2237.12 11.5396
2243.08 11.5549
2249.04 11.5703
2255 11.5856
2260.96 11.6009
2266.92 11.6162
2272.88 11.6314
2278.84 11.6467
2284.8 11.6619
2290.76 11.6771
2296.72 11.6923
2302.68 11.7074
2308.64 11.7226
2314.6 11.7377
2320.56 11.7528
2326.52 11.7679
2332.48 11.7829
2338.44 11.798
2344.4 11.813
2350.36 11.828
2356.32 11.843
2362.28 11.858
2368.24 11.8729
2374.2 11.8879
2380.16 11.9028
2386.12 11.9177
2392.08 11.9325
2398.04 11.9474
2404 11.9622
2409.96 11.9771
2415.92 11.9919
2421.88 12.0066
2427.84 12.0214
2433.8 12.0361
2439.76 12.0509
2445.72 12.0656
2451.68 12.0803
2457.64 12.095
2463.6 12.1096
2469.56 12.1242
2475.52 12.1389
2481.48 12.1535
2487.44 12.1681
2493.4 12.1826
2499.36 12.1972
2505.32 12.2117
2511.28 12.2262
2517.24 12.2407
2523.2 12.2552
2529.16 12.2697
2535.12 12.2841
2541.08 12.2986
2547.04 12.313
2553 12.3274
2558.96 12.3417
2564.92 12.3561
2570.88 12.3705
2576.84 12.3848
2582.8 12.3991
2588.76 12.4134
2594.72 12.4277
2600.68 12.4419
2606.64 12.4562
2612.6 12.4704
2618.56 12.4846
2624.52 12.4988
2630.48 12.513
2636.44 12.5272
2642.4 12.5413
2648.36 12.5555
2654.32 12.5696
2660.28 12.5837
2666.24 12.5978
2672.2 12.6119
2678.16 12.6259
2684.12 12.64
2690.08 12.654
2696.04 12.668
2702 12.682
2707.96 12.696
2713.92 12.7099
2719.88 12.7239
2725.84 12.7378
2731.8 12.7517
2737.76 12.7656
2743.72 12.7795
2749.68 12.7934
2755.64 12.8073
2761.6 12.8211
2767.56 12.8349
2773.52 12.8487
2779.48 12.8625
2785.44 12.8763
2791.4 12.8901
2797.36 12.9038
2803.32 12.9176
2809.28 12.9313
2815.24 12.945
2821.2 12.9587
2827.16 12.9724
2833.12 12.9861
2839.08 12.9997
2845.04 13.0134
2851 13.027
2856.96 13.0406
2862.92 13.0542
2868.88 13.0678
2874.84 13.0813
2880.8 13.0949
2886.76 13.1084
2892.72 13.1219
2898.68 13.1355
2904.64 13.149
2910.6 13.1624
2916.56 13.1759
2922.52 13.1894
2928.48 13.2028
2934.44 13.2162
2940.4 13.2296
2946.36 13.243
2952.32 13.2564
2958.28 13.2698
2964.24 13.2832
2970.2 13.2965
2976.16 13.3098
2982.12 13.3232
2988.08 13.3365
2994.04 13.3498
