400
1.06836 -6.72535 0
0.831907 -8.98859 0
0.847191 -5.57169 0
-1.97806 -1.7122 0
-0.485377 -2.29325 0
-3.1415 -4.59709 0
-1.71067 -3.10059 0
4.41666 -6.41322 0
-2.38157 -7.7721 0
1.92852 -2.6667 0
1.21925 -4.92095 0
2.64072 -1.96492 0
1.11953 -3.36095 0
0.376396 -4.6465 0
-4.22041 -5.38996 0
-1.13508 -6.01744 0
-1.71758 -7.05863 0
-4.90489 -4.8484 0
-1.02752 -1.29186 0
-3.83046 -5.69608 0
-3.64348 -2.40711 0
-0.369588 -3.30649 0
1.64541 -9.38221 0
4.33776 -3.01321 0
-0.428481 -5.11688 0
1.18864 -1.91764 0
1.35821 -6.16653 0
0.0929391 -5.00662 0
0.360365 -0.161462 0
3.50857 -7.52176 0
-2.71628 -2.33704 0
-3.35907 -5.31138 0
-4.3459 -3.25053 0
3.29971 -6.57853 0
-1.13902 -6.42273 0
-0.318759 -5.82079 0
0.795726 -6.51105 0
0.594011 -0.577377 0
-2.04308 -2.24754 0
2.86001 -5.84864 0
-2.38343 -8.66498 0
-3.3024 -2.59701 0
-1.84638 -9.25617 0
-1.08253 -4.92669 0
2.66594 -1.48813 0
-1.37799 -6.73519 0
0.347979 -6.55825 0
0.533175 -3.75831 0
-1.97098 -5.77613 0
2.21438 -1.04176 0
-3.83599 -4.93643 0
4.69664 -5.49762 0
-0.774136 -6.81821 0
-0.00267817 -6.90664 0
-0.32105 -3.91904 0
-1.06363 -5.67069 0
2.12652 -2.02499 0
2.82284 -2.20653 0
2.48989 -4.19327 0
1.09373 -8.57795 0
-2.70417 -9.11066 0
0.934713 -4.60709 0
-4.01538 -4.0534 0
-3.41538 -6.74128 0
0.487736 -5.44998 0
4.65646 -4.92448 0
-0.756357 -5.55262 0
3.53399 -7.19584 0
-2.00525 -6.13933 0
-0.192746 -5.51066 0
-1.6752 -0.327765 0
-3.92077 -7.10555 0
-0.0436826 -8.21961 0
3.68054 -4.21334 0
2.33244 -9.09173 0
2.93297 -8.04365 0
3.72218 -5.52994 0
4.07635 -7.87815 0
-1.25173 -7.22106 0
2.15543 -1.45498 0
-0.737592 -6.05755 0
-0.488189 -6.56891 0
2.85406 -3.61095 0
0.541388 -1.80539 0
-4.89123 -5.37517 0
2.1376 -5.82621 0
-2.20867 -1.38294 0
-1.69665 -2.54779 0
0.589561 -6.06875 0
-1.52899 -4.87198 0
-3.01155 -3.23918 0
-1.47993 -7.90343 0
-0.533865 -4.28274 0
-2.44982 -7.04986 0
-0.0612669 -6.06484 0
-0.291801 -0.628379 0
1.39661 -3.8719 0
-2.65264 -6.43354 0
0.833957 -3.00756 0
0.329151 -8.5586 0
2.50563 -2.65922 0
0.749128 -7.70844 0
-1.33694 -0.679828 0
-2.90746 -5.01236 0
1.63827 -6.91446 0
-1.98141 -6.54583 0
1.922 -8.15484 0
1.17484 -3.65771 0
-2.12985 -0.85364 0
2.63443 -6.75352 0
2.14224 -8.57546 0
-2.61834 -2.99748 0
2.5444 -2.99866 0
-0.952353 -3.94666 0
-0.225089 -4.64514 0
-4.23259 -2.96706 0
-2.08529 -8.27565 0
2.34237 -7.16326 0
0.0586283 -3.40216 0
-0.416779 -8.24202 0
1.69913 -5.20855 0
2.41527 -7.76736 0
2.15904 -4.35729 0
0.581857 -2.72674 0
-1.05957 -1.90411 0
0.241141 -5.66558 0
-0.794964 -7.13326 0
2.18036 -3.02156 0
-2.35422 -6.31433 0
-1.51023 -6.07324 0
0.429257 -0.880892 0
-2.76441 -1.58204 0
-0.184234 -1.1233 0
-2.9653 -8.04771 0
0.730927 -8.60252 0
-0.878105 -3.03988 0
0.231882 -3.11354 0
-0.764209 -5.20626 0
-1.40761 -3.728 0
-1.26947 -1.54834 0
-0.214994 -1.77497 0
-4.39204 -6.54434 0
-1.59963 -8.80656 0
-4.1676 -5.9219 0
-2.00842 -5.28097 0
-2.34994 -2.28271 0
3.18804 -3.70078 0
-0.880307 -7.77312 0
0.722041 -3.48233 0
1.39966 -2.92598 0
1.62294 -8.04476 0
-0.326164 -9.74051 0
3.74367 -6.55224 0
1.17652 -7.80593 0
1.50649 -5.68863 0
1.23083 -9.23461 0
-2.63296 -3.43239 0
1.28928 -7.30302 0
1.87801 -3.43927 0
0.763633 -6.83083 0
3.59942 -4.64988 0
-4.97115 -4.33435 0
-1.91001 -7.37784 0
0.189985 -3.95355 0
-3.18499 -8.44834 0
-0.176839 -7.37524 0
-3.97642 -3.43017 0
3.11823 -7.33926 0
-1.35775 -2.70261 0
3.64752 -8.28988 0
1.07407 -5.77836 0
0.354439 -9.89543 0
-2.59631 -6.08905 0
0.748294 -2.07837 0
1.72288 -4.84058 0
-3.12572 -7.36033 0
-3.12954 -8.78163 0
0.828172 -3.82209 0
2.08974 -7.39632 0
-0.912594 -9.62161 0
0.509356 -4.15762 0
0.803401 -4.22583 0
-3.17915 -4.26923 0
-1.96728 -3.49531 0
-1.36356 -4.47225 0
0.171545 -0.445297 0
1.48579 -8.54567 0
-3.12107 -1.094 0
0.424613 -9.07778 0
-1.08981 -8.31029 0
0.023414 -6.54953 0
0.0252577 -4.35958 0
4.38263 -3.43655 0
-2.89748 -5.53364 0
-1.25964 -4.14295 0
0.846922 -1.30988 0
4.2427 -4.61352 0
-1.46343 -2.00982 0
2.32571 -3.89355 0
3.59488 -5.99443 0
-1.0111 -3.53734 0
2.45756 -4.96786 0
-0.951452 -1.60115 0
-0.74162 -8.04027 0
4.04959 -2.37311 0
-3.77789 -4.47094 0
3.26752 -2.78326 0
4.23546 -5.55138 0
-2.11077 -4.45475 0
1.66418 -4.11408 0
3.34358 -2.11864 0
-1.81715 -0.647041 0
-0.86095 -4.41494 0
-0.772714 -4.80934 0
3.27708 -4.93431 0
3.39927 -3.05938 0
-2.29379 -3.09952 0
0.460909 -6.87747 0
2.45065 -8.45197 0
1.30803 -1.34773 0
0.840518 -9.69597 0
-3.01638 -6.26268 0
-1.79 -4.37685 0
-2.0093 -1.14598 0
1.77685 -6.31099 0
0.0718341 -2.13686 0
-2.03062 -7.85938 0
1.33124 -0.209133 0
-3.28404 -5.80452 0
2.80118 -7.29553 0
-0.476628 -7.31843 0
-1.42177 -5.23733 0
-3.9433 -7.92662 0
-2.5829 -4.308 0
0.557649 -8.13917 0
-3.3824 -7.56355 0
1.114 -8.25215 0
-1.91676 -4.7447 0
1.66342 -0.70434 0
2.10637 -9.45578 0
0.99831 -6.08257 0
5.01901 -4.77579 0
-3.06016 -1.51873 0
1.44053 -1.65747 0
-1.43805 -9.29838 0
1.43359 -2.15679 0
-1.97617 -8.9669 0
-4.15317 -3.77376 0
2.85444 -8.64028 0
-3.65239 -1.89371 0
-2.08482 -2.74402 0
-2.55976 -7.43404 0
-4.48214 -5.61588 0
0.183736 -1.64338 0
0.728937 -4.98585 0
-0.0815001 -7.72233 0
0.433708 -2.34711 0
1.95471 -3.76237 0
4.14492 -6.65003 0
-0.960147 -2.24651 0
3.24746 -5.62738 0
1.91569 -6.03598 0
-1.37763 -5.56098 0
-0.652395 -8.65564 0
0.932488 -9.2818 0
4.51665 -7.07823 0
-3.34667 -6.30586 0
-0.235727 -2.86515 0
-0.505819 -9.19188 0
4.52207 -3.88256 0
3.49632 -8.00033 0
0.183863 -5.33278 0
0.253756 -7.74436 0
2.68506 -5.22396 0
-3.36106 -3.69612 0
-3.07673 -3.94369 0
3.99442 -4.27586 0
2.07015 -4.77538 0
-4.41536 -6.89669 0
-0.409094 -7.02249 0
-2.30464 -3.86786 0
-2.21472 -5.0163 0
-0.355006 -0.300486 0
1.26162 -4.28296 0
2.59973 -8.16532 0
0.974098 -5.20369 0
-4.91123 -6.05427 0
-2.49423 -5.47379 0
1.37235 -4.63476 0
3.96204 -3.82079 0
3.81565 -5.06446 0
4.74592 -3.44847 0
-2.72041 -7.69874 0
1.29927 -5.35308 0
-0.363408 -1.40191 0
-0.653793 -1.09837 0
-0.060754 -0.14827 0
-0.127818 -2.58473 0
1.77454 -7.65724 0
-4.63291 -3.94077 0
3.81345 -6.94832 0
2.39409 -1.75622 0
1.94716 -9.10915 0
1.85168 -1.10506 0
-2.31705 -9.16656 0
2.2739 -5.38013 0
-0.197849 -9.31147 0
3.68498 -2.45491 0
2.62391 -4.53489 0
0.084265 -2.84696 0
2.71974 -9.27063 0
2.93399 -3.1944 0
2.99882 -7.7054 0
-0.16372 -8.71517 0
-3.77269 -8.32242 0
1.10424 -2.47837 0
-3.01093 -2.87415 0
2.35681 -3.31784 0
2.92163 -1.81101 0
-2.83067 -8.71962 0
1.19951 -0.995017 0
4.72056 -4.58675 0
3.79378 -3.49544 0
1.67889 -7.36146 0
0.301768 -7.36504 0
-1.60494 -8.46695 0
-1.46172 -1.13357 0
2.90414 -2.66566 0
-1.18317 -3.15384 0
2.22781 -6.22299 0
-1.32619 -7.61421 0
-0.71606 -9.87608 0
0.59534 -9.41043 0
-0.886595 -2.69399 0
-2.3846 -6.7509 0
-0.899261 -8.98018 0
-1.63487 -1.3915 0
2.5471 -0.762946 0
2.13866 -5.10357 0
-3.61803 -4.03617 0
1.79963 -1.81571 0
4.74167 -6.30254 0
-3.44881 -4.62996 0
-1.04412 -0.810864 0
3.24378 -4.53455 0
-4.38693 -6.23889 0
2.05839 -7.81354 0
-1.87735 -4.07146 0
0.135959 -8.84558 0
-0.789839 -7.46595 0
-0.588716 -3.66334 0
-4.18905 -7.57693 0
1.31019 -6.96572 0
-3.64267 -5.93787 0
-2.45284 -8.22427 0
1.97842 -7.07751 0
4.7401 -6.70609 0
3.30664 -8.844 0
4.41275 -7.40719 0
-0.80589 -0.193296 0
2.47326 -5.96134 0
-2.15082 -6.96418 0
-3.65797 -6.27871 0
-4.70637 -4.47651 0
-3.44012 -7.23959 0
0.70732 -0.21436 0
1.00536 -0.618922 0
-3.70411 -6.83809 0
2.92376 -6.51573 0
2.89999 -4.38711 0
2.7331 -5.54883 0
-3.61635 -2.88421 0
-0.57889 -1.74331 0
3.9847 -7.24116 0
3.61412 -3.81143 0
-4.56825 -5.29134 0
-2.35402 -0.585556 0
-0.560547 -2.86899 0
0.24083 -6.08302 0
-4.24434 -4.65413 0
1.4523 -3.26693 0
2.36055 -2.30081 0
-3.9206 -5.31862 0
2.92923 -9.0248 0
-3.92308 -6.42508 0
3.02264 -6.84212 0
-3.83938 -7.44394 0
3.13901 -5.27335 0
-0.448429 -7.71652 0
1.63089 -8.9612 0
3.72746 -2.8155 0
0.0454433 -1.36989 0
2.97703 -4.68504 0
3.14579 -1.24204 0
-0.20482 -3.62338 0
1.43863 -9.60179 0
1.80116 -3.04637 0
-1.15034 -0.306637 0
-0.527553 -4.63052 0
-3.02065 -2.30213 0
