0 0 0
1.42722 -4.32014 0
-1.96039 -3.55278 0
-0.122524 -0.222049 0
-0.245049 -0.444097 0
-0.367573 -0.666146 0
-0.490098 -0.888195 0
-0.612622 -1.11024 0
-0.735146 -1.33229 0
-0.857671 -1.55434 0
-0.980195 -1.77639 0
-1.10272 -1.99844 0
-1.22524 -2.22049 0
-1.34777 -2.44254 0
-1.47029 -2.66458 0
-1.59282 -2.88663 0
-1.71534 -3.10868 0
-1.83787 -3.33073 0
0.0892012 -0.270009 0
-0.0333231 -0.492058 0
-0.155848 -0.714106 0
-0.278372 -0.936155 0
-0.400896 -1.1582 0
-0.523421 -1.38025 0
-0.645945 -1.6023 0
-0.768469 -1.82435 0
-0.890994 -2.0464 0
-1.01352 -2.26845 0
-1.13604 -2.4905 0
-1.25857 -2.71254 0
-1.38109 -2.93459 0
-1.50362 -3.15664 0
-1.62614 -3.37869 0
-1.74866 -3.60074 0
0.178402 -0.540018 0
0.0558781 -0.762066 0
-0.0666463 -0.984115 0
-0.189171 -1.20616 0
-0.311695 -1.42821 0
-0.434219 -1.65026 0
-0.556744 -1.87231 0
-0.679268 -2.09436 0
-0.801793 -2.31641 0
-0.924317 -2.53846 0
-1.04684 -2.76051 0
-1.16937 -2.98255 0
-1.29189 -3.2046 0
-1.41441 -3.42665 0
-1.53694 -3.6487 0
0.267604 -0.810026 0
0.145079 -1.03208 0
0.022555 -1.25412 0
-0.0999694 -1.47617 0
-0.222494 -1.69822 0
-0.345018 -1.92027 0
-0.467543 -2.14232 0
-0.590067 -2.36437 0
-0.712591 -2.58642 0
-0.835116 -2.80846 0
-0.95764 -3.03051 0
-1.08016 -3.25256 0
-1.20269 -3.47461 0
-1.32521 -3.69666 0
0.356805 -1.08004 0
0.234281 -1.30208 0
0.111756 -1.52413 0
-0.0107681 -1.74618 0
-0.133293 -1.96823 0
-0.255817 -2.19028 0
-0.378341 -2.41233 0
-0.500866 -2.63438 0
-0.62339 -2.85642 0
-0.745914 -3.07847 0
-0.868439 -3.30052 0
-0.990963 -3.52257 0
-1.11349 -3.74462 0
0.446006 -1.35004 0
0.323482 -1.57209 0
0.200957 -1.79414 0
0.0784331 -2.01619 0
-0.0440913 -2.23824 0
-0.166616 -2.46029 0
-0.28914 -2.68234 0
-0.411664 -2.90439 0
-0.534189 -3.12643 0
-0.656713 -3.34848 0
-0.779238 -3.57053 0
-0.901762 -3.79258 0
0.535207 -1.62005 0
0.412683 -1.8421 0
0.290159 -2.06415 0
0.167634 -2.2862 0
0.04511 -2.50825 0
-0.0774144 -2.7303 0
-0.199939 -2.95235 0
-0.322463 -3.17439 0
-0.444988 -3.39644 0
-0.567512 -3.61849 0
-0.690036 -3.84054 0
0.624409 -1.89006 0
0.501884 -2.11211 0
0.37936 -2.33416 0
0.256836 -2.55621 0
0.134311 -2.77826 0
0.0117869 -3.0003 0
-0.110738 -3.22235 0
-0.233262 -3.4444 0
-0.355786 -3.66645 0
-0.478311 -3.8885 0
0.71361 -2.16007 0
0.591086 -2.38212 0
0.468561 -2.60417 0
0.346037 -2.82622 0
0.223512 -3.04827 0
0.100988 -3.27031 0
-0.0215363 -3.49236 0
-0.144061 -3.71441 0
-0.266585 -3.93646 0
0.802811 -2.43008 0
0.680287 -2.65213 0
0.557762 -2.87418 0
0.435238 -3.09623 0
0.312714 -3.31827 0
0.190189 -3.54032 0
0.067665 -3.76237 0
-0.0548594 -3.98442 0
0.892012 -2.70009 0
0.769488 -2.92214 0
0.646964 -3.14419 0
0.524439 -3.36623 0
0.401915 -3.58828 0
0.279391 -3.81033 0
0.156866 -4.03238 0
0.981214 -2.9701 0
0.858689 -3.19215 0
0.736165 -3.41419 0
0.613641 -3.63624 0
0.491116 -3.85829 0
0.368592 -4.08034 0
1.07041 -3.24011 0
0.947891 -3.46215 0
0.825366 -3.6842 0
0.702842 -3.90625 0
0.580317 -4.1283 0
1.15962 -3.51011 0
1.03709 -3.73216 0
0.914567 -3.95421 0
0.792043 -4.17626 0
1.24882 -3.78012 0
1.12629 -4.00217 0
1.00377 -4.22422 0
1.33802 -4.05013 0
1.21549 -4.27218 0
