34193.5 54943.5 6943.45 6.32
35943.5 54943.5 7193.45 6.96
34193.5 54443.5 7693.45 7.5
32693.5 54693.5 7443.45 8.8
29193.5 51943.5 11443.5 11.72
29193.5 51443.5 12443.5 12.58
26693.5 50193.5 12943.5 14.06
23193.4 46693.5 15193.5 18
20943.4 43693.5 16443.4 20.06
19443.4 34943.5 19943.4 26.66
19443.4 33943.5 20443.4 27.44
21443.4 29193.5 22443.4 30.54
23693.4 25943.5 22443.4 32.5
26193.5 22443.4 19693.4 35.46
26443.5 22943.4 20193.4 35.36
24193.4 24693.4 22193.4 33.36
22193.4 28193.5 25193.5 31.8
22943.4 27943.5 26193.5 32.96
25943.5 23943.4 26943.5 35.98
24193.4 26693.5 28193.5 35.16
26693.5 24693.4 30193.5 36.92
28443.5 26693.5 35943.5 40.92
27693.5 27693.5 36943.5 42.02
26693.5 28193.5 36193.5 42.42
28193.5 29693.5 40693.5 45.42
27443.5 30443.5 39693.5 44.88
26443.5 30943.5 38693.5 44.68
25443.5 32943.5 39193.5 45.68
25943.5 31943.5 39193.5 45.32
26703.5 29703.5 37203.5 43.14
29693.5 24943.4 34443.5 40.72
29193.5 24693.4 34193.5 41.08
29943.5 24443.4 33943.5 41.34
29943.5 23943.4 33193.5 41.5
29943.5 23693.4 33193.5 41.54
30443.5 25193.5 35693.5 40.92
31193.5 25193.5 36443.5 41.76
31443.5 25443.5 36693.5 42.18
32193.5 26443.5 38693.5 43.38
31943.5 26693.5 38943.5 43.64
31693.5 26943.5 39693.5 44.5
31703.5 26953.5 39453.5 44.5
29693.5 26943.5 37693.5 45.06
29443.5 28943.5 40443.5 47.88
29943.5 27693.5 40443.5 49.16
32193.5 27943.5 41193.5 49.98
29943.5 29443.5 41943.5 49.1
30193.5 29193.5 42443.5 49.5
30693.5 29943.5 44693.5 50.6
30703.5 29953.5 44453.5 50.58
29693.5 29443.5 42193.5 49.98
31193.5 23693.4 34943.5 42.16
31693.5 24443.4 35443.5 41.96
28193.5 23693.4 30943.5 39.42
28443.5 23193.4 30693.5 39.68
29943.5 21943.4 29943.5 41
31193.5 21693.4 29693.5 41.44
31943.5 20693.4 28443.5 42.6
32943.5 20443.4 27193.5 44.48
33193.5 19443.4 23693.4 46.1
32943.5 20193.4 26193.5 45
34443.5 19693.4 26943.5 44.76
34693.5 20193.4 26443.5 44.86
34693.5 20193.4 29693.5 43.98
32193.5 22943.4 33693.5 46.28
32443.5 23193.4 34443.5 46.56
32453.5 23203.4 34203.5 46.54
32443.5 23443.4 33693.5 46.5
32443.5 21693.4 31943.5 45.44
32943.5 21193.4 30943.5 44.74
33443.5 21693.4 30943.5 44.36
27693.5 24193.4 31443.5 39.04
23693.4 25693.5 24443.4 33.4
21193.4 29443.5 23693.4 30.74
20443.4 31193.5 23693.4 30.38
20943.4 30443.5 24693.4 31
21193.4 30193.5 26193.5 31.84
22193.4 29443.5 28443.5 33.26
24943.4 28943.5 33693.5 36.46
23443.4 29693.5 31443.5 35.28
23193.4 29443.5 30943.5 34.96
22443.4 30943.5 31193.5 35.18
19943.4 36693.5 15943.5 24.4
22443.4 28693.5 12193.5 30.1
23193.4 28693.5 12193.5 30.26
21693.4 29693.5 12693.5 29.56
20693.4 34443.5 12443.5 30.36
21193.4 34693.5 12693.5 30.36
21443.4 32943.5 13443.5 29.36
23193.4 25443.5 18443.4 31.26
21193.4 29693.5 15193.5 29.5
23943.4 24443.4 13443.5 35.2
23693.4 24443.4 13443.5 35.2
27443.5 19693.4 16193.5 35.46
29943.5 18443.4 16693.4 36.6
21943.4 29443.5 15443.5 29.16
19943.4 38693.5 16193.5 23.3
19443.4 40943.5 18693.4 22.6
18943.4 40193.5 19943.4 23.48
18943.4 39443.5 19943.4 23.92
18943.4 38693.5 20193.4 24.58
18943.4 36943.5 21443.4 25.9
18943.4 35943.5 24443.4 27.64
21193.4 34193.5 31943.5 32.66
21193.4 33943.5 32193.5 32.66
21193.4 32443.5 29693.5 31.68
21443.4 32193.5 30443.5 32.14
22693.4 31693.5 32693.5 33.66
23193.4 31943.5 34943.5 35.36
23443.4 32193.5 35193.5 35.58
24443.4 32443.5 36193.5 36.22
23193.4 33693.5 36693.5 37.22
23693.4 34693.5 37443.5 37.6
23693.4 34943.5 37443.5 38.38
21693.4 34693.5 34193.5 41.38
21193.4 36193.5 34193.5 41.42
21443.4 37943.5 34693.5 41.82
23193.4 38943.5 38443.5 44.14
23943.4 39943.5 39693.5 45
23443.4 40443.5 39443.5 45.18
23443.4 40693.5 39693.5 45.24
23693.4 34693.5 38443.5 39.12
25193.5 34443.5 39193.5 40.1
26443.5 36443.5 42693.5 42.1
25693.5 36943.5 42443.5 42.04
25943.5 34193.5 41443.5 41.4
26443.5 33693.5 41943.5 41.84
26943.5 33693.5 42443.5 42
23943.4 35693.5 38443.5 39.64
23693.4 34193.5 37193.5 37.32
19693.4 35443.5 25693.5 28.66
19193.4 35443.5 22943.4 26.96
18943.4 37943.5 19193.4 25
19443.4 40193.5 18193.4 26
19443.4 41193.5 18693.4 22.9
19693.4 40943.5 17443.4 21.6
22693.4 45943.5 17193.4 19.62
22193.4 44943.5 17443.4 19.76
20943.4 43693.5 20193.4 21.06
19443.4 41443.5 20193.4 22.16
21693.4 44443.5 20193.4 20.52
20693.4 43943.5 21693.4 22.3
19943.4 43193.5 22443.4 23.1
18943.4 42443.5 22943.4 24.14
18443.4 39943.5 24693.4 25.4
18193.4 39193.5 24943.4 25.82
18693.4 38443.5 25693.5 26.36
19193.4 35693.5 26443.5 27.78
18943.4 36693.5 26943.5 27.74
18943.4 42193.5 25693.5 25.1
18693.4 40693.5 26943.5 26.34
18693.4 38193.5 27193.5 27.72
19193.4 37443.5 27693.5 28.18
19193.4 36943.5 27193.5 28.76
19943.4 37193.5 29443.5 29.6
20193.4 35443.5 30193.5 30.2
19193.4 41193.5 28443.5 27
20443.4 44443.5 24193.4 23.4
23443.4 45443.5 20943.4 21.5
22193.4 46193.5 23693.4 23.46
21943.4 45943.5 24193.4 23.84
20943.4 45193.5 24943.4 25.76
20693.4 45193.5 25193.5 25.74
18943.4 42443.5 26943.5 28.24
18943.4 41693.5 27443.5 28.32
18943.4 41693.5 26943.5 28.32
20193.4 45193.5 27443.5 26.8
20443.4 45693.5 28443.5 27.42
21193.4 43193.5 33443.5 30.94
21443.4 42943.5 33693.5 32.16
21943.4 40943.5 35443.5 33.62
21443.4 41193.5 35193.5 33.6
22193.4 41193.5 35443.5 33.56
20693.4 42193.5 33943.5 32.68
22193.4 43193.5 35943.5 33.14
22443.4 43193.5 36443.5 33.14
23443.4 45443.5 37443.5 34.42
23443.4 45443.5 36943.5 34.42
23193.4 45443.5 37443.5 34.32
23693.4 43943.5 37943.5 34.16
23703.4 43953.5 37703.5 34.14
20693.4 43943.5 31193.5 29.84
19693.4 42193.5 31193.5 30.94
20443.4 41443.5 32443.5 31.46
20693.4 40943.5 32693.5 31.76
20443.4 38693.5 32193.5 33.36
19693.4 39193.5 31693.5 33.68
23193.4 48193.5 29943.5 29.9
23693.4 48443.5 29443.5 30.5
24943.4 48943.5 29193.5 30.94
21943.4 46693.5 28443.5 28.98
22943.4 47443.5 27193.5 25.76
24443.4 47693.5 27193.5 26.74
24443.4 48193.5 26943.5 26.84
24693.4 47943.5 26943.5 26.9
23943.4 48193.5 27443.5 26.54
23443.4 47193.5 25443.5 24.44
24943.4 47943.5 25693.5 25.16
24943.4 48193.5 26693.5 25.74
25443.5 48443.5 26693.5 25.76
23943.4 47193.5 25693.5 24.6
22693.4 45443.5 18693.4 19.28
23693.4 47443.5 14943.5 16.76
24693.4 47943.5 14443.5 16.04
25193.5 48943.5 13943.5 15.58
27693.5 51193.5 12193.5 13.24
28943.5 50943.5 12943.5 12.94
33193.5 53193.5 11693.5 10.1
32193.5 52443.5 12943.5 11.44
31693.5 52443.5 13193.5 11.8
28943.5 49693.5 15693.5 14.86
28693.5 49443.5 17193.4 15.96
26193.5 47693.5 18693.4 18.56
24693.4 46693.5 18943.4 19.5
26943.5 47693.5 20943.4 20.72
26443.5 47443.5 22693.4 21.18
26693.5 47693.5 22943.4 21.24
26693.5 47693.5 18443.4 18.4
27693.5 47943.5 21193.4 19.18
27943.5 47943.5 21443.4 19.22
26693.5 47693.5 19943.4 18.44
27193.5 48443.5 18193.4 17.14
26693.5 48693.5 16693.4 17.26
30943.5 49443.5 19193.4 16.9
31193.5 49443.5 19943.4 17.4
30443.5 48943.5 20943.4 18.86
30443.5 48943.5 20193.4 20.1
30693.5 48943.5 19943.4 20.14
29443.5 48193.5 21443.4 19.72
30943.5 48943.5 21693.4 18.78
28443.5 49693.5 30443.5 24
27693.5 50443.5 31693.5 25.16
26693.5 50443.5 34193.5 27.14
27193.5 49943.5 35693.5 27.24
25443.5 49443.5 34443.5 28.6
21943.4 45443.5 32943.5 32.18
21693.4 45193.5 33193.5 32.26
23193.4 47193.5 34193.5 31.44
23193.4 46943.5 34443.5 31.5
27193.5 49943.5 36193.5 27.96
25693.5 47943.5 38443.5 29.92
24693.4 46693.5 39193.5 30.92
24943.4 45193.5 39943.5 31.86
24693.4 44693.5 39693.5 32.12
24193.4 43693.5 39693.5 32.68
23943.4 42693.5 39193.5 33.84
23953.4 42703.5 39453.5 33.82
22693.4 42943.5 36693.5 35.3
22693.4 41943.5 37193.5 35.7
24193.4 41693.5 40443.5 34.04
24943.4 39693.5 42193.5 35.32
25443.5 39193.5 42943.5 36.42
26443.5 37943.5 44193.5 37.46
26943.5 36443.5 44943.5 38.38
27193.5 33443.5 42693.5 40.84
28443.5 32193.5 43943.5 41.62
26693.5 35693.5 44443.5 39.58
27943.5 35693.5 45443.5 39.38
28193.5 34693.5 45693.5 40.08
28193.5 35693.5 46943.5 40.78
30693.5 35193.5 49943.5 43.66
30703.5 35203.5 49703.5 43.64
29693.5 35943.5 48693.5 42.48
28193.5 33443.5 45943.5 41.84
28693.5 33193.5 45943.5 42.04
29193.5 32443.5 45443.5 42.78
28693.5 32443.5 44693.5 43.14
28693.5 32193.5 44443.5 43.18
29693.5 31943.5 46193.5 42.84
28943.5 34693.5 46943.5 40.92
28443.5 34693.5 45693.5 40.4
26693.5 38693.5 44193.5 37.08
27193.5 39193.5 45443.5 38.06
27443.5 40193.5 45693.5 38.66
25693.5 42693.5 43193.5 40.38
28443.5 38193.5 47443.5 39.9
28443.5 38693.5 47943.5 39.94
27693.5 40193.5 45943.5 40.58
27703.5 38453.5 47203.5 39.3
27943.5 37193.5 47193.5 39.46
29193.5 37693.5 49193.5 40.58
29203.5 37703.5 48953.5 40.58
26443.5 46443.5 40943.5 31.78
27443.5 49443.5 38943.5 30.16
27443.5 48193.5 39693.5 31.24
28193.5 48943.5 40943.5 31.52
28193.5 48193.5 41943.5 32.44
27693.5 47443.5 42443.5 32.98
27943.5 46693.5 42943.5 33.46
26693.5 45943.5 42943.5 34.6
26693.5 44443.5 43193.5 35.36
27193.5 43193.5 43193.5 35.68
27443.5 44693.5 43193.5 35.18
27693.5 43693.5 44693.5 35.66
27193.5 42693.5 44943.5 36.2
27943.5 41443.5 45693.5 36.9
27443.5 41693.5 46443.5 36.98
27453.5 41703.5 46203.5 36.96
29193.5 50193.5 39693.5 33.44
28443.5 50443.5 36443.5 35.96
27693.5 50443.5 35443.5 36.4
29693.5 50193.5 36443.5 36.32
29693.5 50943.5 35193.5 36.88
30443.5 50443.5 35193.5 36.78
30693.5 50693.5 39693.5 34.6
31693.5 50443.5 40443.5 35.02
25693.5 49443.5 36693.5 28.52
28943.5 48943.5 25693.5 21.7
29693.5 48943.5 24943.4 21.5
32193.5 49693.5 28943.5 23.46
32443.5 49693.5 29693.5 23.9
33693.5 49943.5 31693.5 25.12
33703.5 49953.5 31453.5 25.1
30193.5 50193.5 31693.5 25.94
30443.5 50193.5 32443.5 26.06
31693.5 49193.5 30693.5 25
27943.5 47943.5 21693.4 21.14
26943.5 47693.5 22943.4 21.66
26943.5 48193.5 24943.4 22.92
25943.5 48443.5 26193.5 23.96
25943.5 48443.5 27193.5 24.76
27443.5 48943.5 27943.5 25.72
28443.5 49193.5 27943.5 26.18
26193.5 48693.5 26693.5 24.12
26193.5 48693.5 25693.5 23.6
28943.5 48693.5 24943.4 23.26
30193.5 48443.5 22693.4 19.54
30943.5 48943.5 21943.4 19.04
28693.5 50693.5 15193.5 14.18
29943.5 51443.5 13943.5 13.34
30443.5 51443.5 13943.5 12.88
32193.5 51943.5 14693.5 12.78
30693.5 49943.5 17443.4 14.9
30693.5 51193.5 16193.5 14.46
33193.5 51443.5 16193.5 14.16
33193.5 50943.5 17193.4 14.68
31943.5 49193.5 20693.4 17.02
34193.5 49443.5 23443.4 18.72
34693.5 49443.5 23943.4 19.04
33943.5 49943.5 27443.5 20.94
39193.5 48943.5 27693.5 25.22
37443.5 49443.5 26943.5 24.68
39443.5 48943.5 30193.5 25.46
39193.5 48693.5 31943.5 26.48
39203.5 48703.5 31703.5 26.46
42443.5 47693.5 30443.5 28.46
45193.5 44193.5 35443.5 32.94
41693.5 47943.5 33193.5 32.4
40943.5 47693.5 36193.5 35.24
42193.5 46693.5 37943.5 35.28
42943.5 46443.5 38193.5 35.26
42193.5 46193.5 40943.5 38
41693.5 46193.5 43443.5 40.28
41703.5 46203.5 43703.5 40.28
41193.5 45193.5 44193.5 40.72
42193.5 45443.5 44693.5 40.68
43693.5 44193.5 41193.5 37.88
43693.5 43693.5 42193.5 38.42
44443.5 43693.5 42943.5 38.42
44193.5 44193.5 41943.5 37.92
43193.5 46943.5 37443.5 34.6
44193.5 46193.5 30443.5 29.92
42693.5 46693.5 29193.5 29.56
43193.5 46443.5 29693.5 29.48
39943.5 48193.5 34943.5 29
37193.5 48693.5 35193.5 31.4
37943.5 49193.5 34693.5 31.42
39443.5 48443.5 38693.5 33.08
40693.5 47943.5 38193.5 33.78
40693.5 47693.5 38193.5 33.82
39943.5 47943.5 38693.5 33.66
35693.5 49443.5 41193.5 34.12
38193.5 46693.5 44943.5 35.52
38203.5 46703.5 44703.5 35.5
38693.5 47943.5 41193.5 33.58
40443.5 48693.5 33443.5 27.94
35193.5 49443.5 31943.5 24.36
33693.5 49943.5 32693.5 25.26
31693.5 50443.5 33193.5 26.68
30693.5 50693.5 34943.5 27.12
34193.5 49693.5 32193.5 24.86
34193.5 49943.5 35193.5 28.82
33193.5 49943.5 33943.5 29.38
32943.5 50443.5 37693.5 28.7
32693.5 50443.5 38443.5 29.14
32443.5 50943.5 38943.5 29.3
33193.5 50443.5 40943.5 29.8
33443.5 50193.5 40693.5 29.86
36193.5 48443.5 45443.5 32.56
35443.5 48693.5 45193.5 32.42
36693.5 48443.5 43693.5 31.7
36943.5 48443.5 43943.5 31.76
36443.5 49193.5 43943.5 31.66
34443.5 49693.5 41193.5 29.38
34193.5 50193.5 38943.5 27.96
37443.5 49443.5 32193.5 24.86
36943.5 49443.5 23193.4 22.94
37193.5 49443.5 23693.4 22.92
37443.5 49443.5 23193.4 22.84
40443.5 48443.5 26193.5 23.58
42943.5 47693.5 27693.5 25.3
42943.5 46943.5 26943.5 25.64
43193.5 47193.5 27443.5 25.92
44443.5 45443.5 28193.5 27.12
45443.5 43193.5 29193.5 28.54
45693.5 42943.5 28193.5 29.18
45943.5 42443.5 28193.5 29.18
46193.5 41693.5 31193.5 30.24
46193.5 41693.5 35693.5 32.64
45193.5 42693.5 36943.5 34.18
44693.5 43693.5 37193.5 34.56
44943.5 44443.5 38193.5 34.72
42443.5 47193.5 27943.5 25.4
40703.5 47953.5 26453.5 23.94
40443.5 48193.5 21443.4 24.96
40693.5 47943.5 20943.4 25.12
39693.5 48443.5 21693.4 24.62
38203.5 49203.5 25453.5 21.98
35193.5 49193.5 21943.4 18.34
33943.5 51193.5 15693.5 13.08
36193.5 50693.5 16693.4 14.6
35693.5 50693.5 17193.4 14.7
39443.5 48943.5 19693.4 17.18
37443.5 49693.5 19693.4 16.72
35943.5 49943.5 20193.4 17.28
35693.5 49693.5 20693.4 17.54
35193.5 49693.5 20943.4 17.68
35193.5 50443.5 18943.4 16.5
34193.5 50193.5 19443.4 17.14
34193.5 49943.5 19693.4 17.16
34443.5 50193.5 20193.4 17.2
36193.5 50193.5 17693.4 14.96
33193.5 52193.5 13193.5 11.28
35943.5 53193.5 12443.5 10.32
36193.5 52943.5 12943.5 10.64
35943.5 51693.5 14693.5 12.36
37693.5 51943.5 14693.5 12.3
36943.5 51193.5 15693.5 13.2
38943.5 50443.5 16193.5 13.78
37693.5 50193.5 16693.4 14.54
40943.5 48693.5 17193.4 15.72
41943.5 47693.5 17693.4 16.52
42193.5 46193.5 16943.4 17.76
42693.5 44193.5 16193.5 19.64
43443.5 44193.5 16193.5 19.6
43443.5 43693.5 16193.5 19.86
43693.5 42693.5 15943.5 20.38
43943.5 40693.5 14943.5 21.66
44443.5 40193.5 15193.5 22.04
43943.5 39193.5 15193.5 22.6
44693.5 38943.5 15693.5 23.04
44693.5 38193.5 16443.4 23.42
46943.5 32443.5 18943.4 27.24
45193.5 36193.5 16693.4 24.78
45193.5 35693.5 16693.4 25.04
45193.5 34943.5 16443.4 25.44
45193.5 34443.5 15943.5 25.74
45193.5 32943.5 14943.5 26.72
44943.5 29943.5 12693.5 28.7
45943.5 31443.5 10443.5 29.96
46443.5 31193.5 9943.45 30.26
45943.5 30943.5 10443.5 30.2
42693.5 40693.5 13943.5 22.32
43693.5 39193.5 12943.5 23.2
42943.5 37943.5 11943.5 24.1
43443.5 37693.5 12193.5 24.14
43443.5 39693.5 13193.5 22.86
43693.5 41693.5 17193.4 21.18
45193.5 39193.5 18693.4 23
45203.5 38953.5 18453.4 22.96
44693.5 39193.5 18693.4 23.02
46943.5 35693.5 21193.4 25.52
46193.5 37443.5 20943.4 24.94
46193.5 40443.5 21943.4 25.26
45193.5 41193.5 21693.4 26.32
45443.5 43193.5 22193.4 27.2
45193.5 44193.5 23193.4 27.82
45203.5 44203.5 22953.4 27.8
44943.5 43693.5 22443.4 27.56
45443.5 42443.5 22193.4 27.22
44693.5 42693.5 21693.4 27.2
46693.5 38443.5 22693.4 26.1
46693.5 37943.5 23193.4 26.44
46693.5 37443.5 22943.4 26.72
46443.5 34193.5 23193.4 28.3
46193.5 34193.5 23193.4 28.34
46193.5 40693.5 23943.4 26.36
46193.5 40693.5 25193.5 26.78
42943.5 45443.5 17943.4 18.46
43193.5 45693.5 18443.4 18.7
44443.5 44193.5 20943.4 20.34
44943.5 42943.5 20693.4 21
45443.5 41943.5 20943.4 21.48
41443.5 47443.5 18943.4 17.14
41943.5 47193.5 21193.4 17.58
45193.5 43443.5 25443.5 20.96
45943.5 41693.5 25943.5 22.28
45943.5 40693.5 25693.5 23.04
45943.5 40443.5 25693.5 23.08
46193.5 40943.5 26693.5 23.24
46193.5 40443.5 26943.5 23.44
45443.5 29443.5 30193.5 29.68
44943.5 28443.5 30193.5 30.42
45443.5 28193.5 29443.5 30.54
44943.5 26693.5 28943.5 31.44
44443.5 26193.5 28943.5 31.76
43693.5 24693.4 29443.5 33.44
41193.5 24443.4 32693.5 35.94
41193.5 24193.4 31693.5 35.62
42193.5 24193.4 30193.5 34.74
42443.5 24193.4 29693.5 34.36
44193.5 23943.4 26193.5 34.58
43943.5 22443.4 22943.4 36.8
43693.5 20693.4 19443.4 38.92
43193.5 21193.4 20193.4 38.94
43943.5 21193.4 20693.4 38.2
42943.5 21943.4 24693.4 36.36
42943.5 21693.4 24193.4 36.64
40693.5 19443.4 21693.4 38.96
40943.5 19443.4 21693.4 38.96
42443.5 20193.4 21193.4 39.14
41943.5 19443.4 20193.4 39.8
41943.5 18943.4 19443.4 40.24
41943.5 17693.4 18443.4 41
41693.5 19693.4 21943.4 39.06
43443.5 22193.4 24943.4 35.88
42443.5 22943.4 28943.5 34.88
41943.5 22693.4 29443.5 35.22
40693.5 22693.4 31193.5 36.34
40703.5 22703.4 30953.5 36.32
41193.5 22443.4 29693.5 35.68
43193.5 22943.4 27193.5 34.58
42693.5 22443.4 26943.5 34.9
39443.5 19443.4 24193.4 37.66
39193.5 19193.4 24443.4 37.7
39693.5 19943.4 26943.5 37.6
39703.5 19953.4 26703.5 37.58
46443.5 36693.5 29693.5 26.3
46693.5 36193.5 29943.5 26.62
46443.5 35693.5 30943.5 27.14
46693.5 35193.5 31443.5 27.62
46693.5 34443.5 32193.5 28.24
46443.5 34193.5 32693.5 28.58
46443.5 33693.5 33193.5 28.9
44943.5 30443.5 34193.5 31.62
44193.5 30193.5 34193.5 32.24
41943.5 26193.5 34693.5 34.52
41693.5 26193.5 34693.5 34.56
42443.5 28443.5 36693.5 34.48
41943.5 28193.5 38443.5 35.34
41953.5 28203.5 38203.5 35.34
41193.5 28193.5 37693.5 35.34
43443.5 28943.5 35693.5 33.48
42943.5 27193.5 33693.5 33.44
42943.5 25443.5 31693.5 34.42
42953.5 25453.5 31953.5 34.42
42943.5 26443.5 33193.5 33.8
45693.5 32693.5 34943.5 30.7
44443.5 31193.5 35693.5 32.14
43943.5 30443.5 36693.5 32.96
42443.5 29943.5 38693.5 34.34
42443.5 29943.5 39443.5 34.52
40943.5 28693.5 39943.5 35.68
39943.5 28693.5 40193.5 36
41193.5 30193.5 40693.5 35.62
41943.5 30443.5 40693.5 35.48
43943.5 30693.5 37193.5 32.8
45693.5 33693.5 36693.5 31.16
45443.5 33193.5 37193.5 31.54
42193.5 30443.5 40693.5 35.12
41443.5 30943.5 41943.5 36.02
40693.5 31193.5 42693.5 36.7
41193.5 31443.5 43193.5 36.88
39943.5 32443.5 45693.5 38.96
41193.5 32693.5 45693.5 38.58
40443.5 31943.5 44193.5 37.82
40193.5 31693.5 43693.5 37.96
41193.5 30693.5 41943.5 36.42
41443.5 30693.5 41193.5 35.78
45443.5 33443.5 35693.5 30.92
46443.5 39693.5 27693.5 24.04
45943.5 41193.5 26943.5 22.68
46193.5 40943.5 28443.5 23.24
46693.5 39943.5 29693.5 24.56
43443.5 33693.5 42193.5 33.64
42943.5 33443.5 42193.5 33.96
42943.5 33193.5 42693.5 34.2
42443.5 33193.5 43193.5 34.76
41693.5 32943.5 43693.5 35.14
41703.5 32953.5 43453.5 35.14
43443.5 33943.5 42193.5 33
42193.5 34943.5 45693.5 35.24
42203.5 34953.5 45453.5 35.24
41943.5 34443.5 45193.5 35.18
42443.5 34443.5 44193.5 34.68
42943.5 34443.5 43193.5 34.04
42693.5 34193.5 42693.5 33.9
45193.5 34693.5 36943.5 30.18
45943.5 35693.5 36193.5 29.04
46693.5 38693.5 35193.5 27.78
46693.5 38193.5 35693.5 28.18
45943.5 37693.5 37193.5 29.22
45943.5 38693.5 39193.5 30.52
45443.5 37943.5 39943.5 31.2
45693.5 38693.5 40443.5 31.34
44943.5 37693.5 42443.5 33.02
43443.5 36943.5 44193.5 34.42
43443.5 37443.5 45193.5 34.78
41693.5 37693.5 48193.5 36.62
42193.5 38193.5 48193.5 36.54
41943.5 35943.5 46693.5 36.64
43193.5 36693.5 46693.5 36.3
44443.5 37443.5 43193.5 33.44
44943.5 39943.5 43193.5 33.14
43193.5 40693.5 45693.5 35.02
43443.5 41693.5 45943.5 35.12
42943.5 41943.5 46443.5 35.52
39693.5 44693.5 47693.5 38
39943.5 45443.5 48193.5 38.74
43943.5 40943.5 44693.5 34.14
38693.5 49193.5 18193.4 15.4
37193.5 52443.5 13443.5 11.44
52693.5 58443.5 11943.5 19.78
54193.5 56693.5 12193.5 18.94
54443.5 55943.5 12443.5 18.96
54693.5 55693.5 12443.5 18.22
54943.5 54943.5 12693.5 17.7
55193.5 53943.5 12693.5 17.2
55443.5 53443.5 12693.5 16.8
55693.5 52443.5 12693.5 16.32
53193.5 51443.5 12693.5 12.56
49193.5 55443.5 12693.5 10.12
47693.5 56443.5 13443.5 10.64
48193.5 56443.5 13693.5 10.66
49193.5 54943.5 11193.5 11.4
50443.5 53693.5 10443.5 12.26
50943.5 53193.5 10693.5 12.44
49693.5 67193.5 14943.5 28.12
49693.5 66943.5 14943.5 28.08
49193.5 64193.5 10443.5 37.5
48193.5 63943.5 9943.45 38.04
47443.5 66693.5 9443.45 39.26
49193.5 62193.5 9443.45 39.74
49943.5 61943.5 9443.45 40.18
50193.5 61693.5 9443.45 40.58
50943.5 60943.5 9693.45 40.74
49193.5 64193.5 8443.45 39.32
49193.5 63943.5 11693.5 36.88
48193.5 66943.5 12443.5 35.52
46693.5 67693.5 11693.5 34.72
45943.5 69443.5 12943.5 33.56
45193.5 70193.5 13193.5 33.42
46193.5 67693.5 11693.5 40.46
46193.5 68443.5 11443.5 40.5
45443.5 70443.5 11943.5 41.78
45693.5 69943.5 12693.5 42.12
45943.5 69443.5 12443.5 42.06
45693.5 68443.5 11693.5 41.08
46693.5 69943.5 9693.45 37.68
45943.5 70693.5 10693.5 37.96
45943.5 69693.5 11443.5 38.18
45193.5 70443.5 11693.5 36.4
44443.5 71943.5 11943.5 35.82
41943.5 75193.5 11693.5 39.06
41193.5 75693.5 12193.5 38.82
37943.5 75693.5 15193.5 40.3
37943.5 75693.5 14693.5 40.38
38693.5 75943.5 13943.5 39.54
38443.5 75943.5 15193.5 39.58
39693.5 75943.5 16193.5 39.22
40693.5 74693.5 13943.5 37.88
43443.5 72693.5 14443.5 36.76
42443.5 73443.5 13443.5 36.2
44193.5 75693.5 18693.4 37.48
41193.5 76443.5 17693.4 38.82
39193.5 78443.5 17693.4 40.96
39193.5 78193.5 17943.4 40.7
38443.5 76943.5 15943.5 41.06
37693.5 76443.5 15943.5 41.24
37943.5 76443.5 16193.5 41.22
38443.5 76943.5 17193.4 40.88
39193.5 77443.5 17443.4 41.04
40443.5 76693.5 17193.4 39.54
40443.5 78193.5 17943.4 40.16
40693.5 78193.5 18443.4 40.34
41193.5 76943.5 17443.4 39.94
45693.5 70443.5 14193.5 32.52
48193.5 69443.5 15693.5 32.16
49193.5 67943.5 15193.5 33.08
49443.5 67443.5 14943.5 33.24
47193.5 70193.5 15443.5 31.96
44693.5 75443.5 18193.4 33.98
46693.5 74943.5 19693.4 34.04
47943.5 74943.5 21193.4 34.98
47943.5 74693.5 21443.4 35.08
48693.5 70443.5 17193.4 29.84
49943.5 69443.5 17943.4 28.96
52193.5 67443.5 19693.4 29.58
50943.5 67693.5 17193.4 27.46
51943.5 65443.5 16693.4 26.2
51943.5 64443.5 16193.5 25.74
52443.5 64943.5 16943.4 26.06
51693.5 65693.5 17693.4 26.6
51693.5 66193.5 16943.4 27.02
52943.5 64193.5 17443.4 26.12
53443.5 64193.5 18193.4 26.64
53693.5 64193.5 18943.4 26.76
53443.5 64443.5 18943.4 26.72
53193.5 62443.5 16193.5 24.04
52943.5 63193.5 16443.4 24.08
53943.5 61443.5 16443.4 23.46
54193.5 61443.5 16943.4 23.08
54443.5 60443.5 16443.4 22.78
54943.5 59443.5 16443.4 22.16
55693.5 57443.5 16443.4 21.12
56443.5 55693.5 16943.4 19.94
56693.5 54693.5 16693.4 19.72
57193.5 53443.5 16943.4 18.74
57693.5 51443.5 16943.4 17.78
52693.5 65193.5 19443.4 26.74
52943.5 65193.5 19443.4 26.9
52943.5 65943.5 19443.4 26.96
54193.5 63443.5 19443.4 25.72
54443.5 62693.5 19443.4 25.26
54693.5 61943.5 19193.4 24.84
56693.5 57193.5 20193.4 22.3
57193.5 55693.5 20693.4 22.14
57193.5 56443.5 22443.4 23.02
57443.5 54943.5 20193.4 20.82
56443.5 57943.5 25943.5 35.04
54693.5 62693.5 25693.5 33
51693.5 71193.5 24693.4 30.9
50693.5 71943.5 29943.5 41.6
50693.5 72693.5 30193.5 41.38
45693.5 78193.5 27943.5 37.78
35693.5 82943.5 27443.5 43.78
35693.5 82443.5 27943.5 43.74
37443.5 82443.5 27443.5 42.94
38193.5 82443.5 27193.5 42.46
38693.5 81693.5 28443.5 42.08
41443.5 81193.5 27443.5 40.48
44693.5 79443.5 26193.5 39.6
41693.5 80443.5 29943.5 41.46
35193.5 73943.5 36193.5 47.24
35943.5 74443.5 35693.5 47.42
35193.5 73443.5 35693.5 47.92
34693.5 73193.5 35943.5 47.9
35943.5 74693.5 35693.5 46.7
37193.5 75693.5 34943.5 45.72
37693.5 76443.5 34693.5 45.48
37943.5 76693.5 34693.5 45.12
36443.5 79193.5 31943.5 46.08
37443.5 78943.5 32443.5 45.76
37443.5 77943.5 32943.5 45.44
37693.5 77693.5 33193.5 45.16
38693.5 78193.5 32193.5 44.64
39193.5 78443.5 32193.5 44.72
39693.5 78193.5 32693.5 44.7
40443.5 79193.5 31693.5 42.98
41193.5 77193.5 32693.5 43.52
31193.5 70443.5 36443.5 57.72
29943.5 72693.5 35693.5 59
29943.5 72443.5 35443.5 58.96
29943.5 72693.5 34943.5 59.2
29693.5 72943.5 34693.5 59.32
32193.5 71943.5 36443.5 56.8
31693.5 73943.5 35193.5 55.6
30943.5 74443.5 34443.5 55.04
29943.5 73193.5 34943.5 55.72
30193.5 73443.5 34693.5 55.66
30443.5 73443.5 34693.5 55.5
28693.5 71693.5 35693.5 56.9
29943.5 70443.5 35693.5 57.36
28193.5 73443.5 34193.5 56.86
27943.5 73193.5 34193.5 56.88
29193.5 73693.5 34443.5 55.34
29443.5 77193.5 32443.5 52.8
29193.5 78193.5 31693.5 52.08
27693.5 78193.5 30693.5 52.22
28943.5 78693.5 31193.5 52
26693.5 77443.5 30693.5 52.58
27193.5 73443.5 33193.5 56.12
27693.5 74693.5 33193.5 56.84
27693.5 73443.5 33943.5 56.5
26943.5 73193.5 33693.5 56.02
24443.4 74943.5 31943.5 56.42
24693.4 74443.5 32193.5 55.94
24943.4 73693.5 32193.5 55.88
24443.4 72943.5 32693.5 56.1
26193.5 76693.5 31693.5 53.62
28693.5 79193.5 30693.5 51.32
28943.5 79943.5 29943.5 50.5
19193.4 75443.5 26693.5 57.78
15693.5 74443.5 21193.4 63.26
15443.5 72443.5 19443.4 64.18
18693.4 74193.5 17193.4 67.3
18443.4 73943.5 17193.4 67.3
17943.4 73443.5 17443.4 67.12
17693.4 73443.5 17693.4 66.72
16193.5 72193.5 18193.4 65.84
15693.5 71943.5 18443.4 65.54
11943.5 68443.5 20943.4 67.88
11693.5 68443.5 20693.4 67.9
13443.5 69943.5 19693.4 66.92
13943.5 70193.5 19693.4 66.54
14443.5 70443.5 19443.4 66.2
15443.5 71443.5 18943.4 65.84
15443.5 72443.5 18943.4 64.56
15443.5 72693.5 19943.4 63.84
15193.5 72943.5 20693.4 63.68
15943.5 74193.5 20443.4 63.9
16443.4 73943.5 20193.4 63.94
14943.5 72943.5 21193.4 62.84
13943.5 71193.5 23693.4 62.44
13443.5 70443.5 23693.4 62.7
13693.5 70693.5 23943.4 62.66
14443.5 72193.5 23443.4 62.1
14443.5 72443.5 23193.4 61.82
15193.5 72443.5 25193.5 61
13443.5 71693.5 21443.4 64.6
13943.5 72193.5 20943.4 66.02
14693.5 72193.5 20443.4 65.86
14193.5 71943.5 21193.4 65.22
13943.5 71693.5 21193.4 64.78
12943.5 69443.5 20693.4 64.86
13693.5 70193.5 20193.4 64.76
13443.5 70443.5 21693.4 63.58
13193.5 69693.5 24193.4 62.64
14943.5 72193.5 25193.5 61.36
14943.5 71943.5 25443.5 61.32
16193.5 72443.5 26693.5 60.18
16693.4 73443.5 26193.5 59.6
18693.4 75693.5 26443.5 58.06
20193.4 76443.5 27443.5 57.14
20193.4 77693.5 26193.5 56.68
21193.4 78193.5 26443.5 55.96
21193.4 78693.5 25943.5 55.62
21693.4 78943.5 25943.5 55.12
21443.4 79443.5 23943.4 55.78
21693.4 79693.5 24693.4 55.6
21943.4 79443.5 25443.5 55.4
24693.4 80193.5 26943.5 53.18
26193.5 81193.5 26443.5 53.4
26693.5 81943.5 25443.5 54.28
25443.5 80943.5 25943.5 54.68
25943.5 80443.5 27693.5 52.2
21443.4 74193.5 29943.5 57.1
20943.4 74693.5 29943.5 57.18
21943.4 68943.5 32193.5 61.48
22443.4 69943.5 32193.5 61.5
19693.4 68943.5 31943.5 61.28
20443.4 69693.5 31693.5 61.04
21193.4 70193.5 31943.5 60.4
21693.4 70943.5 31943.5 60
21443.4 71443.5 31693.5 59.68
21443.4 72193.5 31193.5 59.42
19193.4 72193.5 29693.5 60.24
18943.4 72193.5 29443.5 60.4
12443.5 64193.5 27443.5 65.36
12193.5 63693.5 27193.5 65.6
12443.5 63693.5 27193.5 65.6
13443.5 64943.5 27693.5 64.76
13693.5 65443.5 27943.5 64.44
18943.4 70943.5 30193.5 60.58
20943.4 72693.5 30693.5 58.8
21443.4 73193.5 30693.5 58.52
21943.4 73443.5 30943.5 58.26
22943.4 74193.5 31193.5 58.32
24193.4 73943.5 31943.5 58.82
23443.4 73693.5 31693.5 58.6
21693.4 74443.5 30193.5 57.54
21193.4 75943.5 29193.5 55.84
13693.5 69693.5 24193.4 64.54
12943.5 68943.5 24693.4 64.38
12193.5 68193.5 21193.4 65.82
11693.5 67443.5 22943.4 65.4
11693.5 67193.5 23193.4 65.04
12693.5 68693.5 24443.4 64.32
12943.5 68443.5 25443.5 63.16
13443.5 68943.5 25693.5 62.7
14943.5 71193.5 26193.5 62.16
15443.5 71693.5 26193.5 62.32
15193.5 70693.5 26693.5 61.96
15693.5 70443.5 27443.5 60.84
16193.5 70693.5 27943.5 60.48
17443.4 71693.5 28693.5 59.6
18193.4 71693.5 29193.5 59.2
18443.4 72193.5 29193.5 58.94
18943.4 72443.5 29193.5 58.66
19693.4 74943.5 28193.5 57.2
19943.4 75693.5 27943.5 56.84
23443.4 78193.5 28693.5 54.32
24193.4 78443.5 28693.5 53.86
24693.4 78943.5 28693.5 53.6
24943.4 78943.5 28943.5 53.16
24943.4 79693.5 28193.5 53.02
26443.5 79193.5 29693.5 53.12
27943.5 78943.5 30193.5 53.98
26943.5 78443.5 30443.5 53.78
25943.5 78693.5 29693.5 53.6
25943.5 79193.5 29193.5 52.78
26943.5 80193.5 28693.5 51.44
27693.5 80443.5 28693.5 50.98
28943.5 80693.5 28943.5 50.88
29193.5 81193.5 28693.5 50.26
30443.5 81443.5 28693.5 49.3
30943.5 81443.5 28943.5 48.98
33693.5 82193.5 28443.5 47.94
35193.5 82193.5 28443.5 47.02
36693.5 81443.5 29443.5 47.42
36193.5 82443.5 27943.5 47.14
31443.5 78443.5 31693.5 49.48
31193.5 79193.5 31443.5 49.58
30693.5 77693.5 32443.5 50.46
30443.5 77443.5 32693.5 50.52
29943.5 77693.5 32193.5 50.6
32693.5 79443.5 31443.5 48.6
36943.5 78693.5 32693.5 52.26
37193.5 78693.5 32693.5 52.3
33943.5 76693.5 33693.5 50.98
33443.5 77193.5 33193.5 50.48
32693.5 76693.5 33193.5 50.54
33443.5 77943.5 32943.5 49.76
33193.5 78443.5 32693.5 49.56
33693.5 79193.5 31943.5 48.88
33193.5 80193.5 30693.5 47.9
33693.5 80193.5 30693.5 47.58
34193.5 80443.5 30693.5 47.26
34693.5 81193.5 29943.5 46.68
35443.5 80943.5 29693.5 46.36
37193.5 81193.5 29693.5 45.36
38693.5 81443.5 28693.5 45.42
37943.5 82193.5 27943.5 45.74
37943.5 81443.5 29443.5 45.1
36693.5 79193.5 31943.5 45.76
36193.5 79443.5 31693.5 45.84
37193.5 80193.5 31193.5 45.46
36943.5 79193.5 32193.5 45.5
37693.5 80443.5 30693.5 44.84
38693.5 80693.5 30443.5 44.44
39443.5 80193.5 30693.5 43.32
40693.5 79693.5 30943.5 42.96
40693.5 79943.5 30693.5 41.9
42193.5 79443.5 30443.5 40.84
42693.5 79693.5 29693.5 40.4
43443.5 79193.5 29693.5 39.98
43693.5 79443.5 29193.5 39.7
43443.5 79943.5 27693.5 39.54
44193.5 79693.5 27693.5 39.5
45193.5 78943.5 27943.5 38.02
45193.5 78943.5 26193.5 37.52
45693.5 78193.5 25693.5 36.88
47193.5 76443.5 26193.5 35.46
48693.5 74693.5 23943.4 33.74
38443.5 80693.5 20693.4 41.9
38193.5 80693.5 20693.4 42.14
37943.5 81943.5 20943.4 42.62
38193.5 81943.5 21193.4 43.02
36693.5 82693.5 21443.4 43.86
35693.5 82943.5 22193.4 44.14
35443.5 82943.5 21943.4 44.16
38443.5 81193.5 20693.4 41.74
37943.5 78943.5 17943.4 42.46
37193.5 77693.5 17693.4 42.96
37443.5 78443.5 17943.4 42.7
39693.5 78693.5 18693.4 42.2
39943.5 78693.5 18693.4 42.2
40193.5 79693.5 19693.4 40.16
40693.5 79693.5 19943.4 39.82
39193.5 82193.5 21193.4 42.3
35943.5 83193.5 21443.4 44.76
34193.5 82943.5 20693.4 44.7
35193.5 83443.5 22943.4 43.7
31943.5 82943.5 20193.4 48.18
31193.5 80193.5 18693.4 49.78
26693.5 81443.5 19693.4 50.5
28193.5 81193.5 19443.4 50.04
25443.5 80693.5 19693.4 52.6
25443.5 79943.5 18693.4 52.42
26443.5 79943.5 18443.4 51.74
27443.5 79693.5 17943.4 51.2
28693.5 80193.5 18193.4 50.5
29693.5 81693.5 19693.4 49.38
29943.5 81693.5 19443.4 48.88
29693.5 82443.5 20693.4 47.68
30443.5 83193.5 22193.4 46.54
28943.5 82693.5 21193.4 47.4
28693.5 82443.5 21193.4 47.44
23443.4 80943.5 21443.4 52.46
23193.4 80443.5 21443.4 52.42
23443.4 79943.5 20193.4 52.1
23693.4 80193.5 19693.4 51.98
24443.4 80193.5 19693.4 51.38
25193.5 80193.5 19443.4 51.24
24443.4 80693.5 20443.4 51.1
23693.4 80443.5 20693.4 51.32
25693.5 80943.5 20193.4 50.2
26693.5 82193.5 21693.4 49.02
23693.4 81443.5 22193.4 50.54
19693.4 78193.5 24193.4 53.16
20693.4 79443.5 21193.4 55
20443.4 78693.5 21443.4 54.8
19193.4 78443.5 21193.4 54.52
25193.5 81693.5 22443.4 49.46
25693.5 81943.5 22693.4 49.12
26443.5 82443.5 22943.4 48.68
28693.5 82943.5 22193.4 47.76
28443.5 82693.5 21943.4 47.82
27443.5 82443.5 23693.4 48.1
26443.5 82193.5 23943.4 48.86
26943.5 82193.5 24193.4 48.86
25693.5 81693.5 24693.4 49.58
24693.4 80943.5 25193.5 51.14
23193.4 79943.5 25943.5 51.24
23443.4 79943.5 25943.5 51.2
24193.4 81193.5 24943.4 50.54
24693.4 81193.5 24693.4 50.16
27443.5 82443.5 24193.4 48.26
28193.5 82693.5 23443.4 47.56
33193.5 83443.5 22193.4 44.9
34193.5 82693.5 21193.4 45.36
36443.5 83443.5 23693.4 42.84
36943.5 82943.5 24693.4 42.48
34943.5 83193.5 25943.5 43.72
32693.5 82693.5 26693.5 45.42
32193.5 82443.5 27443.5 45.98
31443.5 82193.5 27693.5 46.32
31693.5 81943.5 28443.5 46.46
35193.5 82943.5 27193.5 44.82
35943.5 82443.5 27693.5 45.2
39693.5 81943.5 23193.4 40.34
40193.5 81943.5 23693.4 40.02
41443.5 80693.5 21943.4 39.22
41693.5 80693.5 22443.4 39.16
42193.5 80693.5 23693.4 38.72
40943.5 81443.5 26193.5 40.54
39693.5 81943.5 26693.5 41.16
39693.5 81943.5 26943.5 41.18
42193.5 80693.5 24943.4 39.5
42693.5 80693.5 24193.4 39
42693.5 80443.5 23693.4 38.5
43443.5 79693.5 22443.4 37.74
43693.5 79693.5 23443.4 37.6
44443.5 79443.5 25443.5 38.64
44693.5 79193.5 25693.5 38.7
44193.5 79443.5 24443.4 38.2
44193.5 79443.5 23943.4 37.96
42193.5 79943.5 21443.4 39.2
43193.5 78693.5 19943.4 39.18
43193.5 78443.5 19943.4 39.16
42193.5 76693.5 17943.4 39.96
41443.5 76693.5 18443.4 40.56
41693.5 76693.5 17943.4 40.44
41193.5 76943.5 18693.4 40.46
41693.5 77943.5 18693.4 40.52
41193.5 78443.5 18943.4 40.12
43693.5 78693.5 21193.4 37.18
43943.5 78943.5 21443.4 37
43943.5 78943.5 22193.4 36.82
44943.5 77943.5 21943.4 35.62
43443.5 79693.5 25693.5 38.92
43193.5 79693.5 25693.5 38.96
44193.5 79943.5 26193.5 38.44
46693.5 75943.5 21193.4 34.38
46943.5 75943.5 21193.4 34.14
47193.5 75693.5 21443.4 33.72
50693.5 72693.5 24943.4 31.84
51693.5 69693.5 22943.4 29.42
52943.5 66943.5 21943.4 27.66
53193.5 66443.5 21943.4 27.38
52943.5 66193.5 19443.4 28.34
56193.5 59443.5 22443.4 23.58
57193.5 56443.5 25943.5 25
56443.5 57693.5 25943.5 25.84
56693.5 57693.5 25943.5 25.84
55693.5 58193.5 27693.5 27.8
56693.5 57693.5 27443.5 27.48
56693.5 56693.5 27443.5 26.92
57693.5 53943.5 27193.5 25.62
57193.5 53443.5 26693.5 25.5
45193.5 59193.5 24693.4 34.5
40943.5 60193.5 27943.5 37.88
40693.5 60443.5 28193.5 37.92
43443.5 60193.5 32943.5 42.12
43693.5 59943.5 32943.5 42.18
39693.5 60443.5 32443.5 40.92
38693.5 60943.5 32193.5 41.14
37693.5 60693.5 30693.5 41.22
38443.5 60693.5 30443.5 41.18
38693.5 60693.5 30443.5 41
39443.5 60693.5 30693.5 40.38
39943.5 60943.5 30693.5 40.1
38443.5 60443.5 30443.5 41.24
38193.5 60693.5 30193.5 41.24
36943.5 60443.5 32443.5 43.36
36693.5 60943.5 32193.5 43.3
34943.5 60443.5 32443.5 43.14
30943.5 61193.5 31193.5 44.56
31443.5 60943.5 30693.5 44.56
30693.5 60193.5 29443.5 44.72
30943.5 60193.5 29693.5 44.66
32693.5 60693.5 29193.5 43.28
33693.5 60943.5 29193.5 43.06
34193.5 60943.5 28693.5 42.42
34443.5 60693.5 28193.5 42.16
37193.5 60693.5 27693.5 40.12
37193.5 60693.5 26943.5 40.44
36943.5 60693.5 26693.5 40.48
39193.5 60693.5 27693.5 38.72
40693.5 60443.5 27193.5 38.26
41193.5 60443.5 27193.5 37.94
27693.5 60443.5 32193.5 46.92
26193.5 59693.5 30693.5 46.24
26943.5 59693.5 29943.5 45.96
26443.5 59693.5 29693.5 45.72
26943.5 59693.5 29193.5 45.26
30193.5 60193.5 28443.5 44.28
30443.5 60193.5 29193.5 44.52
30443.5 60193.5 28943.5 44.48
29943.5 60193.5 27693.5 43.4
30193.5 60193.5 27193.5 43.06
30693.5 60443.5 27443.5 42.68
26193.5 59443.5 25193.5 46.12
23193.4 58943.5 26193.5 47.8
14443.5 53193.5 25193.5 53.4
14693.5 53693.5 25193.5 53.3
18943.4 56443.5 25193.5 50.96
20943.4 57193.5 26693.5 50.04
21193.4 57193.5 26693.5 49.66
23443.4 58693.5 26443.5 48.08
24943.4 59193.5 26693.5 47.1
25193.5 59193.5 25693.5 46.74
27943.5 59943.5 27193.5 46.24
28693.5 60193.5 27693.5 46.58
28443.5 60193.5 27693.5 46.54
27193.5 59693.5 26193.5 45.04
27193.5 59693.5 25193.5 44.88
34193.5 60693.5 27693.5 41.44
34193.5 60693.5 27943.5 41.48
36693.5 60693.5 26443.5 39.72
39193.5 60693.5 25443.5 37.88
39693.5 60443.5 25193.5 37.62
42693.5 59943.5 25193.5 35.6
45443.5 59443.5 27443.5 34.46
45693.5 59443.5 27193.5 34.46
46943.5 58693.5 25943.5 32.76
47443.5 58193.5 25943.5 32.5
51693.5 55943.5 25693.5 30.3
51943.5 55943.5 25443.5 29.86
52443.5 55443.5 25693.5 29.5
53693.5 54443.5 25193.5 28.64
54193.5 53943.5 25193.5 28.34
54693.5 53443.5 25193.5 28.16
55693.5 52943.5 25943.5 27.9
55693.5 52943.5 26443.5 28.04
55443.5 52443.5 24943.4 27.16
56693.5 50193.5 24693.4 26.12
50443.5 57693.5 27693.5 31.68
44943.5 59693.5 27693.5 34.06
44443.5 59443.5 27693.5 34.36
43443.5 59443.5 27693.5 34.86
42693.5 60193.5 27693.5 35.3
41943.5 60193.5 27693.5 35.5
46693.5 58943.5 27193.5 33.3
46943.5 58693.5 27443.5 32.96
47943.5 58443.5 27193.5 32.46
48443.5 58443.5 27193.5 32.2
48943.5 57943.5 27193.5 31.88
50193.5 57193.5 27193.5 30.96
50693.5 56943.5 27193.5 30.66
54943.5 53443.5 26943.5 28.02
55693.5 52693.5 26693.5 27.6
55943.5 51693.5 26943.5 27.06
55943.5 52193.5 26943.5 27.14
57693.5 54693.5 22943.4 21.82
57693.5 53943.5 20443.4 20.02
58193.5 52193.5 20443.4 19.16
55193.5 50193.5 17193.4 14.72
55193.5 50943.5 17443.4 14.72
53693.5 52693.5 17443.4 12.88
49193.5 55943.5 15193.5 10.12
48443.5 56443.5 14943.5 9.86
48693.5 55943.5 14443.5 9.6
48443.5 56193.5 13943.5 9.28
46943.5 57443.5 14693.5 8.88
