230
34428.5 50094.5 20226.4 41358.5 47372.5 18988.4 26756.5 47619.5 18493.4 
35170.5 49104.5 21958.4 26756.5 47619.5 19978.4 29478.5 48114.5 21463.4 
37151.5 49352.5 23691.4 30221.5 48362.5 22700.4 38388.5 49104.5 25423.5 
43338.5 37719.5 12306.5 28983.5 48857.5 25670.5 40615.5 47867.5 26413.5 
45070.5 44154.5 22948.4 45318.5 41927.5 20968.4 45070.5 38957.5 18493.4 
33933.5 49847.5 27403.5 42348.5 47124.5 27898.5 26261.5 48609.5 26660.5 
24033.4 47124.5 25670.5 19826.4 40937.5 17503.4 19578.4 41184.5 18741.4 
27251.5 49104.5 28145.5 45813.5 40442.5 25670.5 43091.5 46382.5 29630.5 
24033.4 48114.5 27403.5 45318.5 43164.5 29136.5 44081.5 46134.5 30373.5 
25023.5 48857.5 29136.5 39130.5 48609.5 31611.5 46803.5 35739.5 21215.4 
22053.4 46629.5 28393.5 37398.5 49352.5 32106.5 33685.5 49847.5 31363.5 
45813.5 31037.5 10573.5 46803.5 32522.5 18988.4 44823.5 30047.5 12801.5 
21311.4 34749.5 12801.5 46061.5 34254.5 23196.4 19330.4 41184.5 28393.5 
31706.5 50342.5 33096.5 19330.4 35492.5 22948.4 45070.5 44154.5 35323.5 
19826.4 35492.5 25670.5 20073.4 37224.5 29383.5 25765.5 49599.5 34581.5 
19826.4 39204.5 31611.5 42100.5 46629.5 37798.5 20321.4 35492.5 30126.5 
29726.5 50094.5 36313.5 40615.5 47619.5 38045.5 22053.4 40937.5 35323.5 
32448.5 50837.5 38788.5 23538.4 45392.5 37303.5 21311.4 34007.5 32106.5 
22795.4 41927.5 37055.5 23291.4 28809.5 12306.5 23785.4 43907.5 37551.5 
38636.5 47867.5 41015.5 43585.5 20889.4 19483.4 34428.5 49599.5 41015.5 
31706.5 50342.5 40273.5 21806.4 34749.5 34085.5 33438.5 50589.5 41015.5 
44328.5 43659.5 42748.5 28241.5 48857.5 40768.5 26508.5 46382.5 40768.5 
41606.5 46134.5 43491.5 24033.4 42669.5 39283.5 23538.4 40689.5 39530.5 
41606.5 28314.5 37798.5 41853.5 30542.5 40521.5 42843.5 25592.5 31858.5 
23785.4 34749.5 37303.5 42100.5 45392.5 44480.5 36903.5 48362.5 43738.5 
41606.5 26334.5 34581.5 40863.5 19652.4 21711.4 41853.5 17919.4 18493.4 
41606.5 33017.5 43243.5 41110.5 30789.5 41758.5 27745.5 47372.5 42253.5 
23291.4 25592.5 18493.4 38140.5 46629.5 44480.5 39873.5 28809.5 40025.5 
23291.4 29552.5 30868.5 41110.5 24602.4 32600.5 23785.4 24602.4 13543.5 
36160.5 48362.5 45223.5 42100.5 34997.5 45223.5 40615.5 22869.4 30868.5 
23785.4 25839.5 24433.4 39625.5 20147.4 26660.5 39130.5 19404.4 24433.4 
43091.5 36729.5 46461.5 27498.5 44649.5 42995.5 41110.5 32769.5 45470.5 
25270.5 34502.5 39036.5 27251.5 43164.5 42995.5 25765.5 42669.5 42995.5 
42100.5 38214.5 47946.5 25518.5 33017.5 39036.5 26508.5 23117.4 20226.4 
39873.5 45392.5 47946.5 25765.5 36977.5 42253.5 26756.5 29799.5 37055.5 
26013.5 24107.4 26908.5 34675.5 20394.4 26413.5 26756.5 24849.4 30126.5 
34675.5 20394.4 29630.5 33191.5 19652.4 23691.4 27745.5 27819.5 36808.5 
27498.5 41679.5 45966.5 28241.5 29799.5 40521.5 27003.5 36482.5 44728.5 
32200.5 28067.5 41015.5 32200.5 26087.5 38540.5 31706.5 27077.5 39283.5 
32448.5 23364.4 34085.5 28241.5 34749.5 45470.5 29973.5 29552.5 41758.5 
27745.5 38462.5 46955.5 31706.5 24602.4 35323.5 29973.5 23859.4 33096.5 
28241.5 35739.5 46708.5 30715.5 30047.5 44233.5 29973.5 18662.4 16760.4 
29728.5 32024.5 45968.5 29230.5 37719.5 48688.5 29726.5 35987.5 48440.5 
30715.5 35244.5 49431.5 49193.5 64193.5 8443.45 47443.5 66693.5 9443.45 
49193.5 62193.5 9443.45 48193.5 63943.5 9943.45 49193.5 64193.5 10443.5 
41943.5 75193.5 11693.5 41943.5 75193.5 11693.5 45693.5 68443.5 11693.5 
49193.5 63943.5 11693.5 46193.5 67693.5 11693.5 45443.5 70443.5 11943.5 
52693.5 58443.5 11943.5 49693.5 66943.5 14943.5 37943.5 75693.5 15193.5 
38443.5 76943.5 15943.5 54193.5 61443.5 16943.4 38443.5 76943.5 17193.4 
18693.4 74193.5 17193.4 57694 51444 16943 41193.5 76443.5 17693.4 
39193.5 78443.5 17693.4 37943.5 78943.5 17943.4 40443.5 78193.5 17943.4 
31193 80194 18693 44193.5 75693.5 18693.4 15443.5 72443.5 18943.4 
52693.5 65193.5 19443.4 26693.5 81443.5 19693.4 16443.4 73943.5 20193.4 
31943.5 82943.5 20193.4 15943.5 74193.5 20443.4 34193.5 82943.5 20693.4 
38443.5 80693.5 20693.4 38443.5 80693.5 20693.4 13943.5 72193.5 20943.4 
11943.5 68443.5 20943.4 15693.5 74443.5 21193.4 20693.4 79443.5 21193.4 
28943.5 82693.5 21193.4 39193.5 82193.5 21193.4 42194 79944 21443 
13443.5 71693.5 21443.4 35943.5 83193.5 21443.4 23193.4 80443.5 21443.4 
23443.4 80943.5 21443.4 23693.4 81443.5 22193.4 36443.5 83443.5 23693.4 
13693.5 69693.5 24193.4 19693.4 78193.5 24193.4 51693.5 71193.5 24693.4 
45193.5 59193.5 24693.4 50693.5 72693.5 24943.4 26193.5 59443.5 25193.5 
14693.5 53693.5 25193.5 56443.5 57693.5 25943.5 57194 56444 25944 
44193 79944 26194 43444 79694 25694 23193.4 58943.5 26193.5 
23443.4 58693.5 26443.5 19193.4 75443.5 26693.5 57193.5 53443.5 26693.5 
12443.5 64193.5 27443.5 35693.5 82943.5 27443.5 44943.5 59693.5 27693.5 
55693.5 58193.5 27693.5 50443.5 57693.5 27693.5 40943.5 60193.5 27943.5 
35693.5 82443.5 27943.5 18193.4 71693.5 29193.5 19193 72193 29694 
30693.5 60193.5 29443.5 21443.4 74193.5 29943.5 41693.5 80443.5 29943.5 
50694 71943 29944 50693.5 72693.5 30193.5 38443.5 60443.5 30443.5 
26693.5 77443.5 30693.5 38693.5 60693.5 30443.5 30943.5 61193.5 31193.5 
31443.5 78443.5 31693.5 36443.5 79193.5 31943.5 24443.4 74943.5 31943.5 
21943.4 68943.5 32193.5 27693.5 60443.5 32193.5 24693.4 74443.5 32193.5 
31193 79194 31443 24943.4 73693.5 32193.5 39693.5 60443.5 32443.5 
34943.5 60443.5 32443.5 36943.5 60443.5 32443.5 41193.5 77193.5 32693.5 
43443.5 60193.5 32943.5 27193.5 73443.5 33193.5 29943.5 72693.5 34943.5 
29943.5 73193.5 34943.5 28693.5 71693.5 35693.5 29943.5 72693.5 35693.5 
35193.5 73943.5 36193.5 31193.5 70443.5 36443.5
