200
1.52137 -1.76373 0
1.26606 -3.57073 0
1.84094 -0.883477 0
-0.736906 -3.43563 0
-0.993822 -2.47743 0
-0.101083 -2.8124 0
-0.604702 -2.296 0
2.02243 -4.09735 0
0.606921 -3.20785 0
-1.6028 -2.71445 0
-2.16317 -1.08622 0
-1.62235 -3.59639 0
-1.53538 -1.79308 0
-1.65563 -0.486608 0
2.23126 -0.976075 0
0.0578354 -3.75262 0
0.503741 -1.32389 0
0.615152 -2.34468 0
-0.0286978 -4.35038 0
0.119607 -3.44316 0
-0.446191 -3.98704 0
-0.969046 -1.57624 0
1.37619 -4.11001 0
-1.92411 -4.24552 0
0.116255 -0.384853 0
-1.37646 -2.96604 0
1.74517 -1.5603 0
-1.94909 -0.0895458 0
-0.189164 -0.282173 0
-1.17045 -4.34081 0
1.79873 -3.80543 0
0.0560599 -2.98615 0
0.141348 -0.175667 0
-0.278893 -4.16729 0
1.92664 -3.2242 0
-0.964669 -3.30283 0
0.626004 -1.58335 0
0.840142 -0.742259 0
1.47223 -1.47731 0
-1.21209 -3.99528 0
-0.66921 -3.07088 0
2.04139 -2.63248 0
0.703485 -3.84012 0
-0.454205 -3.64375 0
0.82385 -4.07399 0
-0.0783042 -0.965199 0
-1.57571 -3.94023 0
0.630932 -1.93175 0
1.27904 -1.37499 0
-1.39739 -1.23536 0
0.252424 -1.86265 0
0.824863 -1.71367 0
1.11701 -1.64871 0
-0.920543 -1.03871 0
0.377844 -1.09305 0
-1.55456 -3.27427 0
-2.00115 -2.3325 0
1.33179 -3.27653 0
0.700174 -4.32637 0
-1.92344 -0.915245 0
-0.172533 -3.66571 0
0.327891 -3.37906 0
-2.00379 -0.705735 0
1.74393 -0.561112 0
2.22622 -0.241753 0
1.6571 -0.323464 0
-2.21746 -4.12809 0
0.419899 -0.806649 0
0.838022 -0.445604 0
-0.875219 -4.43738 0
0.344225 -3.92481 0
1.10824 -2.81257 0
-2.07766 -3.34428 0
2.14409 -3.32642 0
1.80391 -4.39877 0
0.66951 -1.10929 0
0.8972 -1.41707 0
-1.90441 -2.83118 0
1.98705 -2.01656 0
-0.73186 -3.79096 0
-0.292865 -0.0144515 0
-0.693436 -2.67649 0
1.49031 -1.046 0
0.784752 -2.15982 0
-0.0807855 -1.3638 0
0.544808 -0.182751 0
-0.384676 -3.11253 0
0.777868 -2.85161 0
-0.683719 -0.825657 0
0.487936 -2.80474 0
1.07527 -0.904323 0
-1.73843 -1.61713 0
0.34297 -2.65292 0
2.16614 -0.0160039 0
-1.39441 -1.95207 0
1.18454 -3.12636 0
-1.6943 -3.06693 0
1.31327 -2.45092 0
-0.906554 -4.04698 0
-0.00830061 -2.57684 0
1.63045 -2.20207 0
1.01764 -0.621887 0
0.461117 -2.20218 0
-1.4391 -0.99266 0
1.8268 -2.7821 0
1.50634 -3.65878 0
-0.610007 -1.28918 0
-0.754066 -0.407629 0
0.709937 -3.40677 0
-0.0562288 -0.703342 0
-1.1434 -1.45798 0
2.16829 -1.51267 0
1.63472 -3.22444 0
-2.01621 -2.00846 0
-0.886542 -2.93873 0
1.38232 -0.58899 0
0.351666 -2.36978 0
0.425055 -1.61854 0
-1.19113 -3.71102 0
-1.92262 -0.442014 0
-1.08463 -3.48047 0
-1.35049 -2.73892 0
-0.824402 -1.94095 0
-1.20302 -1.72512 0
0.146892 -0.691946 0
-0.535696 -1.7091 0
0.233966 -4.11254 0
0.831756 -3.62147 0
-1.55239 -0.1471 0
-1.95182 -3.06664 0
0.895774 -2.53942 0
-2.23103 -0.0255321 0
-1.42589 -1.52658 0
-1.53332 -2.25155 0
1.47114 -3.02162 0
1.64988 -2.44803 0
1.06866 -4.1702 0
1.96385 -3.57612 0
1.40487 -2.65867 0
1.94919 -1.45139 0
-1.06086 -2.70286 0
1.32147 -3.86878 0
1.6682 -2.97135 0
-0.39139 -2.73686 0
-1.73229 -2.1905 0
0.329691 -3.63561 0
0.582465 -4.13007 0
1.06409 -2.06994 0
1.78477 -3.43019 0
-1.25606 -2.13567 0
1.81024 -1.15196 0
-0.0985619 -1.61044 0
0.655258 -2.6506 0
-2.1515 -1.53771 0
1.7316 -4.17372 0
1.99744 -0.547058 0
-1.66959 -1.01764 0
-0.283601 -1.31113 0
-0.642275 -4.46306 0
0.888672 -3.04965 0
1.38355 -0.845518 0
-1.78235 -0.703356 0
-1.1442 -0.608973 0
-1.31609 -2.33727 0
-1.27669 -3.39528 0
-1.08176 -3.05704 0
-2.16372 -3.7795 0
-1.11709 -1.14589 0
-2.21337 -2.17907 0
1.43174 -2.2692 0
1.89342 -0.194067 0
1.64337 -0.742795 0
-0.107567 -3.38667 0
1.24104 -0.031216 0
1.10341 -1.23974 0
-1.46104 -4.19358 0
1.16661 -0.432372 0
2.15158 -3.78018 0
-0.194475 -1.94269 0
0.449415 -0.58127 0
-0.450345 -0.94615 0
-2.21176 -2.90593 0
-1.85958 -3.48939 0
-0.528214 -0.435991 0
0.768495 -0.131822 0
-1.60049 -1.3175 0
0.272833 -2.88238 0
-0.964688 -0.343252 0
1.79578 -1.93285 0
-0.8892 -0.563847 0
-0.924965 -0.825455 0
-0.328458 -0.462375 0
0.449027 -4.32766 0
-0.198159 -2.38071 0
-2.14435 -0.237351 0
-0.407063 -2.0569 0
-0.633991 -4.16291 0
1.43522 -4.33079 0
-2.19775 -4.45443 0
-1.79205 -1.18343 0
