0.0173101
0.00309633
0.0111183
0.0100437
0.00513166
0.00309633
0.005125
0.001327
0.00438624
0.0174043
0.0125461
0.00354014
0.00862069
0.00487377
0.0196299
0.00174554
0.00873762
0.0092841
0.0157505
0.00189571
0.00652564
0.00375905
0.00859015
0.00508212
0.0106756
0.00550306
0.0170936
0.00787542
0.0097058
0.0062077
0.0123192
0.00497799
0.00833825
0.0108378
0.0145174
0.00216743
0.00191806
0.00645269
0.0141213
0.00515322
0.00555487
0.00249363
0.00691053
0.00694383
0.00895882
0.0039161
0.0127393
0.00932235
0.0101536
0.000822739
0.0138456
0.0064438
0.0075642
0.00213342
0.0129639
0.00365578
0.0117221
0.00407293
0.013206
0.000504259
0.00403434
0.00665211
0.0107493
0.00437113
0.0077278
0.00828658
0.0103365
0.0117571
0.00933212
0.00903841
0.0142987
0.00558907
0.00840496
0.0106717
0.00954138
0.00486417
0.0112666
0.00877113
0.0107822
0.00844832
0.00740441
0.00458389
0.00811018
0.00646232
0.00927897
0.00513462
0.00928997
0.00309633
0.0106691
0.0015172
0.0082451
0.00553046
0.0071372
0.0063087
0.00689024
0.00633254
0.00714496
0.00553605
0.00571526
