200
0.544569 -3.42807 0
0.424042 -4.58169 0
0.431833 -2.84002 0
-1.00826 -0.872748 0
-0.247408 -1.16892 0
-1.60129 -2.34324 0
-0.871965 -1.58044 0
2.25127 -3.26897 0
-1.21394 -3.96162 0
0.983011 -1.35928 0
0.621479 -2.50832 0
1.34603 -1.00156 0
0.57065 -1.71315 0
-2.15124 -2.74739 0
-0.578578 -3.06723 0
-0.875489 -3.59795 0
-2.50014 -2.47134 0
-0.523748 -0.658489 0
-1.95247 -2.90342 0
-1.85716 -1.22696 0
-0.188388 -1.68539 0
0.838704 -4.78233 0
2.21105 -1.5359 0
0.605879 -0.977463 0
0.69231 -3.14322 0
0.183686 -0.0823011 0
1.7884 -3.83401 0
-1.38455 -1.19124 0
-1.71219 -2.70733 0
-2.21521 -1.65687 0
1.68194 -3.35323 0
-0.580585 -3.27381 0
0.302781 -0.294302 0
-1.04141 -1.14562 0
1.45781 -2.98119 0
-1.21489 -4.41674 0
-0.941145 -4.71808 0
-0.551788 -2.51125 0
1.35889 -0.758532 0
-0.702393 -3.43308 0
0.177373 -3.34289 0
0.271771 -1.9157 0
-1.00465 -2.94422 0
1.12872 -0.531011 0
-1.95529 -2.51621 0
2.39398 -2.80226 0
-0.394595 -3.4754 0
-0.00136513 -3.52047 0
-0.163647 -1.99762 0
1.08393 -1.03218 0
1.26915 -2.13741 0
0.5575 -4.37238 0
-1.37838 -4.64391 0
0.476445 -2.34834 0
-2.04673 -2.06611 0
-1.7409 -3.43619 0
2.3735 -2.51012 0
-0.853886 -0.167069 0
-1.99851 -3.62186 0
-0.022266 -4.18972 0
1.87606 -2.14764 0
1.1889 -4.63426 0
1.495 -4.10003 0
1.89728 -2.81874 0
2.07781 -4.01567 0
-0.638036 -3.68074 0
1.09867 -0.741638 0
-0.375967 -3.08767 0
1.45478 -1.84058 0
0.275958 -0.920248 0
-2.49317 -2.73985 0
1.08959 -2.96975 0
-1.12581 -0.704915 0
-0.864821 -1.29867 0
0.300513 -3.09338 0
-0.779359 -2.48336 0
-1.53506 -1.65109 0
-0.754355 -4.02856 0
-1.24873 -3.59347 0
-0.0312291 -3.09139 0
-0.148738 -0.320299 0
0.711886 -1.9736 0
-1.35211 -3.27932 0
0.425087 -1.53302 0
0.167776 -4.36251 0
1.27718 -1.35547 0
0.381848 -3.92917 0
-0.68147 -0.346524 0
-1.482 -2.55491 0
0.835066 -3.52446 0
-1.00997 -3.33656 0
0.979688 -4.15671 0
-1.08563 -0.43512 0
1.34283 -3.44243 0
1.09195 -4.37111 0
-1.33463 -1.52789 0
-0.485436 -2.0117 0
-1.06292 -4.21829 0
1.19396 -3.65128 0
0.0298842 -1.73416 0
0.866086 -2.65492 0
1.23112 -3.9592 0
-0.540089 -0.970566 0
1.11138 -1.54016 0
-1.40908 -0.806403 0
-0.0939084 -0.57257 0
-1.51148 -4.1021 0
-0.44759 -1.5495 0
-0.71749 -1.90025 0
-0.109587 -0.904743 0
-2.23872 -3.3358 0
-0.815367 -4.4889 0
-2.12432 -3.01853 0
-1.02374 -2.69183 0
-0.448713 -3.96214 0
0.713437 -1.49144 0
-0.166253 -4.96496 0
1.90824 -3.33983 0
0.599701 -3.97886 0
0.767891 -2.89963 0
0.627384 -4.70709 0
-1.34208 -1.74957 0
0.657176 -3.72252 0
0.957265 -1.75308 0
0.0195069 -1.5261 0
1.83471 -2.37015 0
-2.53391 -2.20932 0
0.0968398 -2.01522 0
-1.62346 -4.30631 0
-0.0901388 -3.75933 0
-2.02687 -1.74844 0
1.58943 -3.74099 0
0.236717 -1.36687 0
1.85923 -4.22554 0
0.180666 -5.04393 0
-0.358651 -2.20698 0
-0.574885 -2.81506 0
-1.59325 -3.75173 0
-0.46517 -4.90436 0
0.409512 -2.154 0
-1.00277 -1.78164 0
-0.695036 -2.27961 0
1.08447 -2.33182 0
0.757343 -4.35593 0
-1.59088 -0.557637 0
0.216435 -4.62715 0
-0.555499 -4.23595 0
2.23393 -1.75169 0
-1.47691 -2.82062 0
0.431696 -0.667677 0
2.1626 -2.35162 0
0.927127 -3.80845 0
-0.745943 -1.02445 0
1.83239 -3.0555 0
-0.515383 -1.80306 0
1.25268 -2.53223 0
2.06417 -1.20963 0
-1.92568 -2.27894 0
1.66553 -1.41869 0
2.15891 -2.82967 0
-1.07591 -2.27069 0
1.7043 -1.07992 0
1.6704 -2.51513 0
0.354844 -3.50313 0
-0.362109 -4.16543 0
0.666733 -0.686971 0
0.428431 -4.94226 0
-1.53752 -3.19223 0
0.905701 -3.21686 0
0.0366155 -1.08921 0
0.678565 -0.1066 0
-1.67395 -2.9587 0
-1.58806 -2.13496 0
-2.00999 -4.04038 0
-1.31656 -2.19589 0
0.284247 -4.14872 0
1.06223 -2.04236 0
0.847882 -0.359018 0
1.07366 -4.81983 0
-0.733007 -4.7396 0
1.45497 -4.40415 0
-1.86171 -0.965267 0
-1.06268 -1.39869 0
0.0936544 -0.837667 0
0.23275 -1.6089 0
1.6553 -2.86841 0
-0.33254 -4.41198 0
2.30224 -3.60794 0
-0.577324 -1.21576 0
-0.257828 -4.68531 0
-0.701844 -1.47118 0
2.305 -1.97903 0
0.790143 -2.21479 0
0.129345 -3.94748 0
-1.71321 -1.884 0
-0.208525 -3.57952 0
-1.17473 -1.97154 0
-2.50337 -3.086 0
1.31613 -2.79639 0
-1.27136 -2.79011 0
