5000
27345.4 15058.5 0
26288 4936.99 0
26356.3 20217.8 0
13721.4 37478 0
20396.9 34879.5 0
8518.37 24576.4 0
14917.3 31268.9 0
42319.5 16454.4 0
11916.9 10377.3 0
31192.2 33209.3 0
28020.2 23128 0
34377.2 36347.8 0
27574.3 30104.5 0
24250.9 24355.4 0
27493 22534.3 0
3693.33 21030.5 0
17491.3 18224.3 0
14886.3 13568 0
632.244 23452.5 0
17972.4 39357.8 0
5437.24 19661.5 0
6273.46 34370.2 0
20914.7 30348.1 0
29926.1 3176.64 0
41966.6 31659.7 0
20651.4 22251.8 0
27883.4 36559.2 0
28641.7 17557.6 0
22983.2 22744.9 0
21193.7 22941.6 0
24179.2 44413.1 0
38258.4 11496.8 0
21294.4 34681.9 0
10420 34683.6 0
7545.39 21382 0
21698.5 22392.7 0
3132.13 30598.3 0
37324.3 15715.1 0
19004.1 38849.1 0
17473.7 16411.8 0
21142.1 19103.8 0
4096.34 29866.8 0
26126.2 16016.8 0
25224.1 42553.1 0
13430.6 35083.9 0
35357.9 18979.3 0
11908.5 6384.21 0
3201.4 30297.2 0
7798.81 33521 0
14310.3 3740.3 0
17726.4 23102.3 0
42326.5 16182.1 0
34490 38480.1 0
16405 15014.5 0
17932.9 18237.4 0
24123.8 15805.8 0
17744.9 24234.6 0
24952 28327.5 0
13753.1 19303.5 0
32470.6 40476.3 0
24835.6 24285.5 0
5412.53 23058.8 0
43571.6 20549 0
19105.5 14643.2 0
22555.6 14247.7 0
21131.8 27608.7 0
17810.9 19775.1 0
32077.7 36079.1 0
35191.7 35267.3 0
31208.4 36992 0
41700.8 32245.4 0
33702.7 26382.3 0
24990.3 27413.3 0
27458.9 6773.41 0
10474.2 4391.07 0
11593.8 9394.11 0
25101.8 24254.7 0
26747.7 24531.6 0
4610.26 27007.8 0
7293.53 14987.2 0
25940.9 23709.3 0
27178.8 22567.4 0
24748.8 20762.1 0
23787.4 22550.7 0
23689 21381.5 0
43391.9 23112.2 0
19185.1 20303.1 0
27156.3 30122.8 0
38372.1 12954.4 0
14674.8 32219.6 0
13599.8 17679.3 0
21705.6 20490.7 0
5796.48 19280 0
15075.9 43669.4 0
5033.35 13358.2 0
22372.2 8375.95 0
39027.5 26292.5 0
32998.6 4475.72 0
35684.2 9162.89 0
39213.7 20404.5 0
40797.6 9903.02 0
16969.7 12841.6 0
32207 38628.3 0
23899.1 21451.2 0
19269 18045 0
19015.4 18809.6 0
20384.3 15758.1 0
20086.7 27163.5 0
35331.3 28986.5 0
24988.7 37061.2 0
693.348 21096.7 0
20255 34673 0
22077 20058.6 0
9409.46 24950.7 0
32127.2 19079.6 0
12690.1 38950.5 0
22500.7 22596.8 0
14979.9 33741.1 0
25204.2 17994.9 0
17648.6 12841.7 0
15729.8 23347 0
21595.4 18564.1 0
21902.6 21928.6 0
9099.52 30649.1 0
15949.1 9789.94 0
20180.1 25982.2 0
11611.7 13607.3 0
21672.5 15211.2 0
22293.6 18012.4 0
36152 15200.8 0
19248 17804.3 0
21262.6 42325 0
28813.4 27819.5 0
10704.6 16363.5 0
19305.2 16925.9 0
23616.6 16144.7 0
20513.1 26324.8 0
26297.2 31684.9 0
42609.2 17238.4 0
24039.6 6859.96 0
33773.1 33242.8 0
9545.69 34218.9 0
41936 15325.5 0
25538.1 19063.7 0
25917.8 10662 0
16588.6 42094.9 0
39197 11961.8 0
9565.04 22719.2 0
25788.9 27843.4 0
29894.2 14212.7 0
3906.2 26903.9 0
16001.3 22733.6 0
29104.7 36555.7 0
22126.4 19460.5 0
13706.5 15861.3 0
31163 8665.61 0
24751.3 27075.8 0
19831.2 22592.9 0
27821.6 28777.4 0
13042.6 41317.6 0
34349.1 14932.5 0
32148 6784.54 0
15010.4 22754 0
10858 31730 0
18039.5 18874.9 0
23519.6 23899.5 0
33946.5 31724.7 0
18308.5 27485.2 0
21561 24361.5 0
3638.88 31866.1 0
17383.8 19564.5 0
13241.9 8125.33 0
19029.4 22847.7 0
33043 13100.1 0
17906.1 22046.6 0
13571.5 19164.3 0
26852.4 14766.5 0
22829.8 29920.2 0
20703.7 8275.73 0
30166.3 21841.8 0
25024 20724.7 0
26195.5 5472.28 0
21866.3 25058.5 0
33369 10398.5 0
32223.1 25648.8 0
38485.7 21210.8 0
25169.7 32940.8 0
23971.1 20979.3 0
29572.4 27627.3 0
17829 36619.7 0
23646 19797.9 0
23710.6 22951 0
5563.57 27194.6 0
19012.4 13234.3 0
32318.4 31622.3 0
12039.2 16896.6 0
15813.6 17974.8 0
15858.5 41468.5 0
18776.6 23129.4 0
13412.7 15020.2 0
12697.6 13423.6 0
24487.3 41195.7 0
24585.3 23518.4 0
25964.9 20802.2 0
17512.3 23150.4 0
25612.1 16753.1 0
10204.8 38060.1 0
12302.3 37826.5 0
22124.6 21877.8 0
21743.7 40111.6 0
9306.37 9144.72 0
20785.3 27225.9 0
27001.8 35658.3 0
34314.3 32252.1 0
25836.4 6663.52 0
25346.3 31184.5 0
18640.6 31540.4 0
23604.6 31211 0
19149.9 21852.1 0
22258.3 22455.4 0
16272.6 28463 0
16890.4 38210.8 0
21606.1 37197.3 0
2925.78 15868 0
15413.8 5751.05 0
3929.52 18651.6 0
11898.2 12742.6 0
13585.7 21518 0
12058.3 34926.6 0
27467.5 8077.03 0
22993 23175.9 0
36824.9 28584.8 0
27903.6 35476.6 0
18630.7 10372.7 0
20559.7 28118.6 0
11726.7 6536.02 0
25796.6 29561.7 0
12721.8 5346.29 0
18532.3 16763.7 0
25721 19788 0
28827 32049.8 0
29825.6 9157.93 0
26122 20124.8 0
10006.5 32371.6 0
30963 13505.4 0
21108.9 1574.27 0
24781.4 43360.6 0
2593.38 15876.8 0
10105.1 23005.7 0
39309.8 15832.7 0
27829.2 10226 0
10200.4 3817.29 0
29304.8 19694.8 0
31928.3 13125.3 0
25420.8 4856.74 0
21473.1 36163 0
28072 3836.75 0
33037.5 11834.1 0
10792.6 29785.1 0
10615.9 14235 0
21913.5 22213.2 0
19017.8 11426 0
28333.4 12475.1 0
30966.3 29754.3 0
21475.4 22496.5 0
25982.7 14586.7 0
15948.7 14802.4 0
28328.2 29896.8 0
22738.7 31745.7 0
38664.7 24340.3 0
6154.56 14370.2 0
13815.9 17562.4 0
335.935 25751.4 0
24130.7 23172 0
14025.8 12140.5 0
23417.2 27454.4 0
8323.86 7353.04 0
21776.7 12152.1 0
4784.47 29795 0
43041.9 16291.7 0
36512.7 12313 0
16495.6 33048.7 0
24644.5 33142.7 0
32569.3 19305.3 0
38879.8 8061.69 0
26746.3 32022.1 0
25832.6 5581.67 0
27371 19293.6 0
24152.7 881.462 0
18100.9 30473.8 0
10956.5 17904.1 0
19465.4 19574 0
14518.7 23689.3 0
10821.5 5542.74 0
25914.1 35840.4 0
24211 20713.7 0
19420.9 25771.9 0
14470.9 11920.9 0
16575.2 10517.4 0
34369.3 27142.7 0
17523.7 20436.7 0
30272.5 23487.4 0
43379.2 23755.3 0
8588.95 12218.8 0
38557 8858.64 0
27266.6 31519.1 0
4674.52 23950.8 0
8571.87 5862.52 0
26271.3 28042.3 0
28666.9 16996.9 0
36182.1 12601.5 0
16478 23500.5 0
25174.5 21659.3 0
31913.2 12057.8 0
18486.3 2106.01 0
24845.5 26541.7 0
19775.2 19735.4 0
26160.5 26236.7 0
22863.3 22465.2 0
24006.7 24861.4 0
8350 26042.6 0
24528.3 21411.7 0
21368.1 21520.4 0
13769.7 29503.7 0
16469.6 25134.6 0
23334.8 43143.7 0
18630.3 20829.5 0
32082.3 24676.6 0
29212.3 6917.75 0
8609.71 40242.6 0
34087.4 25193.3 0
27098.2 36798.9 0
20273.5 15539 0
33774.5 13218.2 0
21952.1 23517.8 0
24466.5 4538.09 0
17693.8 7970.4 0
28388.3 18568.2 0
22672.3 15844.8 0
24122.6 18594.3 0
21553.9 21914.3 0
25419.9 24680 0
22680.5 25638.5 0
38970.3 8920.33 0
42167.3 29766.4 0
16877.7 23688.2 0
19312.7 20586.7 0
13300.2 17119.4 0
30933.7 3416.08 0
9609.64 20388 0
21911.4 17527.1 0
21296.1 36809.4 0
29695.9 19295.9 0
25807.3 33908.4 0
16934.3 26607.3 0
16360.6 9397.85 0
16877.1 24683.6 0
26355.1 39277.2 0
21781.7 37974.2 0
41541.5 24502.9 0
30701.9 11721.1 0
16022.9 36147 0
3701.56 19356.7 0
22559.9 28350 0
32968.5 27722.7 0
33188.8 13759.9 0
4383.37 18976.3 0
38644.4 18327.3 0
18045.8 29315.7 0
33558.1 22918.2 0
18312.6 37974.6 0
27452.7 12210.9 0
20838.3 22926 0
26522.8 32740.5 0
23435.6 22114.1 0
27334.3 25362.9 0
19251 9178 0
40677.9 34522.3 0
25089.7 19794.7 0
5672.36 25140.5 0
22594.7 22412.4 0
7933.98 14688 0
21747.2 1763.53 0
37180.4 32688 0
24729.3 21811.3 0
21726.2 27902.5 0
23353.9 20572 0
22439.1 16312.9 0
32375.7 41319.4 0
22716.4 20390.8 0
41509.1 20308.6 0
14066.8 35680.5 0
13127.9 25212.9 0
18421.1 16545.6 0
20199.9 20836.1 0
30010 26736.5 0
32277.7 33858.3 0
37520.5 35660.3 0
18433.3 20211.2 0
16707.8 12169.4 0
14441 42241.5 0
22882.1 19830.4 0
33854.2 25334.7 0
18717.3 25390.9 0
19111.9 23627.1 0
19064.5 31708.2 0
37223.1 23068.2 0
29882.4 29995.6 0
37769.6 31453.2 0
26026.5 7508.21 0
18627.8 21890.8 0
24789.7 21485.3 0
12309.4 31273.7 0
12371.9 10490.9 0
13671.2 20318.3 0
28297.5 10857.5 0
26975.7 20199.8 0
24628.8 14378.2 0
20946 24054.5 0
25680.9 14399.9 0
22206.9 1488.46 0
33527.2 7336.8 0
19390.6 8589.06 0
8542.97 21140.6 0
9506.67 22370.5 0
23073 9043.1 0
24653.9 25057.5 0
28417.3 39107.9 0
31832.8 8800.86 0
28627.5 36339.2 0
21649 24766 0
24330.7 21079.5 0
24584.9 28739.8 0
10850.2 4694.57 0
24575.7 33829.8 0
26326.5 1773.46 0
26736.9 27746.3 0
9077.91 17127.6 0
26246.1 18815 0
31663.4 6633.6 0
22661.3 21932.3 0
10819 15069.5 0
24077.1 5155.83 0
22197.3 24259.7 0
25409.2 19899.4 0
26071.4 29892.2 0
14562.5 25561.3 0
21203.5 20750.3 0
13581.7 40010.2 0
20733.8 21096.5 0
28377.7 6677.1 0
15908.4 27484.5 0
17732 26355.6 0
30513.9 16911.6 0
33749.9 12228.3 0
12247.5 25172.3 0
22888.8 35578.8 0
21668.5 25267.1 0
22529.7 11731.7 0
18240.8 22952.9 0
24469.8 20234.5 0
21451.5 26580.7 0
42892.6 22928.7 0
18168.1 40277.9 0
13486.4 9986.96 0
23023.5 23468.2 0
39501.5 18187.5 0
37310.5 35233.8 0
28521.1 44199.9 0
7880.9 19176.6 0
4298.47 26550.7 0
35094.8 12508.6 0
18951.9 25015.9 0
24400.9 19596.2 0
19194.4 16084 0
15676.2 32412.9 0
8634.49 26403.8 0
20436 12406.1 0
22061.1 26862.4 0
23829.2 37252.1 0
24085.9 30303.4 0
12983.6 21701 0
37718.1 32769.5 0
38704 7224.94 0
16209.2 21713.1 0
15327.2 6369.83 0
20174.9 24642.6 0
20478.4 23606.5 0
4932.61 9686.26 0
37739.9 34996.6 0
32337.7 37819.4 0
19114.8 30802.7 0
11016.5 25869.2 0
21881.1 686.844 0
24498.7 22055.6 0
38830.5 10418.2 0
31733.6 24903.7 0
25061.5 8735.71 0
31887.3 27216.2 0
13839.6 28185.4 0
7441.02 11310 0
18360.2 20799.2 0
42145.1 31979.5 0
13995.6 23916.2 0
9357.42 38901.3 0
38619.1 11043 0
30006.6 41985.3 0
24391.1 21690.9 0
31987.6 2847.65 0
25019.6 28567 0
18455.1 18322.9 0
22560.7 21744 0
21174.5 14781.2 0
27032.2 17933.1 0
8157.69 17609.9 0
36156.8 18869.2 0
16237.5 15127.1 0
45013.3 23777.2 0
8882.12 38343.2 0
27414.7 26056.1 0
24637.5 16333.8 0
29009.9 37722.7 0
16136.4 3551.53 0
42516.4 24034.3 0
28978.8 35489.7 0
35029.7 39325.2 0
13729.9 5033.96 0
20566.2 34765.3 0
33058.9 38047.3 0
22998.1 25079.1 0
3994.03 28258.4 0
12586 19614.3 0
35333 6494.65 0
6233.58 36666.2 0
24511.1 26331.2 0
22712.2 30694.3 0
34871.2 15538.9 0
13244 32863.5 0
14070 21635.3 0
6904.67 22387 0
37144.3 24223 0
11120 11889.1 0
2522.83 20020.2 0
23389.3 37785.8 0
20861.5 12227.2 0
23516.1 18695.3 0
19138 29280.1 0
19908 19437.5 0
22590.1 23121.7 0
28661.4 29758.5 0
24609.6 31019.3 0
23076.6 19686 0
25827.5 22837.8 0
22203.1 10599.9 0
17055.5 21739.1 0
24507.2 34638.6 0
37769.2 11087.3 0
23427.9 31942.8 0
21855.9 11829.8 0
31309.3 28309.3 0
41104.2 15395.3 0
18738 17932.5 0
23946.2 28688.1 0
12763.9 25860.8 0
18273.7 35088.5 0
30831.4 14400 0
37090.7 19968.7 0
8889.74 5045.37 0
25216.9 14182.3 0
15325.3 21858.6 0
11652 9923.47 0
30487 13492.6 0
20627.2 21431.7 0
29528.8 20348.5 0
21699.5 22115.1 0
25273.5 11201.5 0
31134.8 18141.4 0
23234.6 19506 0
21112.8 17524.8 0
27058.4 12882.6 0
4900.14 20027.2 0
25205.9 25266.5 0
25951.5 1956.98 0
16406.7 20265.7 0
22623.5 26935.5 0
25048.9 23066.9 0
20589.8 8809.77 0
26207.1 37433 0
39093.1 15982.5 0
19650 6425.98 0
17547 36245.9 0
23719.9 24243.7 0
26737.8 3625.69 0
18769.4 30296.6 0
24718.6 20198.3 0
27947.3 15600.3 0
42766.6 13480.4 0
7600.81 16934.5 0
24716.9 21145.4 0
26063.9 22568.6 0
22314 23235.4 0
22482.9 23353.8 0
16081.5 13923.5 0
19530.8 9668.63 0
21513.4 32321.8 0
17502.3 34468.5 0
31814.2 27680 0
12448.1 5877.7 0
12140.4 42223.5 0
25356.1 24159.9 0
25237.6 396.217 0
21860.2 39910.4 0
30405.8 32603.1 0
25480.6 13748.5 0
14355.9 16657.2 0
28013.2 18086.7 0
26035 23354.5 0
22430.3 14680 0
20305.5 4027.81 0
26238.5 14470.9 0
21407.7 19498.7 0
7132.09 37085.4 0
16409.8 32227.6 0
42790.9 27771.8 0
20048.7 21419.3 0
29500 25703.4 0
28138 27307.4 0
27116 26154.3 0
38203.6 9356.61 0
17158.7 12983.7 0
14817.4 32511.3 0
19963.9 10492.5 0
21962.8 12500.8 0
13661.5 31476.6 0
23389.8 21286.3 0
21135.3 17797.8 0
23557.3 22607.6 0
22424.9 21527.7 0
29131.2 21281.7 0
18324.1 17843.5 0
11851.9 35370.3 0
17102.4 21235.3 0
19757.1 18856.5 0
23702.4 10501.4 0
14068.4 29324.5 0
31891.5 18036.1 0
16357.9 6366.84 0
13772.7 21070.9 0
34575.5 21772.9 0
7536.46 28605.6 0
14484.1 18139.2 0
39402.6 24068.3 0
8808.01 27498.4 0
40431.2 26013 0
12815.7 30900.1 0
23295.4 22831.7 0
34425.6 25337 0
17932 31082.9 0
31825.6 23779 0
2821.48 14292.2 0
26586.4 18451.5 0
20738.1 13729.7 0
13207.4 9646.48 0
12260.9 27837.6 0
12663 22701.6 0
20979.9 43791.4 0
28209.7 25981.2 0
34193.9 8618.76 0
8251.43 21814.1 0
12482.7 15531.6 0
32077.8 41183.2 0
26923.9 21863.5 0
16064.4 32811.3 0
25533.4 26354 0
27707.1 3811.19 0
14991.4 16051.8 0
11373.1 17406.5 0
603.908 18059.6 0
15965.1 25551.1 0
34114.9 20600.6 0
10221.5 11921.5 0
33251 22104.8 0
11413.1 20655.6 0
28704.9 24407.9 0
13833 23701.4 0
9433.08 17507.7 0
16258.8 17774.1 0
22900.6 21390.3 0
23153.2 15231.7 0
40286.4 28048.1 0
15863.3 31081.6 0
27200 28378.8 0
39631.7 22486.2 0
43792 29713.1 0
24205.7 35524.4 0
18995.5 10911.7 0
10401.5 10705.3 0
20423.8 21702.2 0
24245.3 24681.4 0
20051.4 5906.76 0
17873 23442.5 0
28378.1 21195.4 0
20942.4 38865.6 0
16608.4 18751.6 0
2149.39 16270.3 0
26797.8 7569.78 0
19643.7 40223.1 0
15581.6 25001.4 0
27811.8 19075.8 0
36248.5 23921.5 0
28653.3 9501.71 0
17007.6 29109.5 0
21932.3 11181 0
12022.3 22566.4 0
22295.9 44472.1 0
20470.2 18190.7 0
24541.2 43795.6 0
39933 15797.5 0
21996 33575.9 0
30503.6 10890.9 0
12406.1 32522.9 0
20508.3 28616.4 0
28614 18705.2 0
35393.5 12267.9 0
28097.5 21021.5 0
34742 32554.1 0
23411.3 8841.81 0
22702.5 22795.7 0
5881.43 13387.7 0
25238.8 40771.8 0
23476 18894.8 0
17370.8 14806.1 0
37892.7 33534.7 0
1848.58 27511.5 0
4201.58 27203.7 0
30407.8 30164.3 0
22763.9 23388.6 0
21691.3 29780.9 0
41020.7 14072.9 0
22342.1 16533.4 0
16997.6 33219.8 0
2509.84 31215.1 0
11292.6 32922.9 0
39621.9 14061.4 0
16284.6 16500.8 0
20777.3 18512.3 0
33274.3 37281.1 0
20356.1 17854.8 0
31275.6 4397.81 0
22336.4 24593.8 0
24980.5 24815.8 0
25535.9 20506.2 0
14547.3 10354.2 0
2609.06 32313.8 0
30848.5 40193.2 0
38938.2 17482.8 0
29792 20430.8 0
4186.35 30121.6 0
23158.6 23789.8 0
20419.5 41905.2 0
22178 31981.3 0
12205.4 4141.08 0
15970.6 13704.1 0
32479.9 4420.77 0
36373.1 14919.3 0
29349.3 39855.3 0
34718.2 7781.77 0
16198.9 23769 0
29818.1 9804.88 0
32962.3 36893.3 0
20579.5 23829 0
36670.5 35502.1 0
29227.5 21935 0
24586.9 25687.9 0
13578.3 6210.27 0
28338.4 26840.9 0
14023.4 41762.6 0
24542.5 42705.5 0
25999.8 22032.4 0
19484.1 20444.7 0
32736.8 21074.5 0
32619.6 23448 0
21682.8 3492.99 0
39047.3 34156.5 0
14748.9 14196.9 0
39457.7 22254.7 0
8929.19 40034.7 0
28280.6 24227 0
23013.9 27140.1 0
4190.54 31454.9 0
34302.1 24854.5 0
12562.2 25085.1 0
22944.4 32403.2 0
8046.78 10385.9 0
11934.5 14633 0
18663.6 35908.3 0
19660.7 23273.9 0
9233.84 6426.62 0
34730.6 3675.66 0
39429.2 11820.1 0
22378.8 25816.3 0
35688.8 30849.4 0
25154.9 23385.6 0
7582.6 25667.9 0
20419.1 6656.63 0
28343.5 27609.4 0
7236.12 17447 0
11841.8 41459.5 0
35978.7 10675.6 0
35134 11730.2 0
21835.4 6159.76 0
20806.9 7945.87 0
5695.61 7916.19 0
27167.4 7374.21 0
14195.5 5420.81 0
31585.4 4494.22 0
27442 26974.8 0
5460.29 14109.7 0
38076 22823.2 0
27505.9 34051.5 0
20471.9 24020.1 0
9102.28 32281.6 0
28288.4 25510.8 0
30166 28108.3 0
38381 11983.6 0
31416.1 33898.7 0
17964.6 17834.5 0
15884.3 24207.4 0
26732.1 27479.9 0
24348.6 28041.6 0
7101.91 14496.4 0
33107.6 30297.3 0
16311.3 24161 0
35633.5 37036.1 0
12866.6 29703.5 0
13884.1 16294.2 0
9908.45 6139.84 0
10640.5 19000.8 0
23758.5 7025.02 0
24755 27962 0
5091.12 28365.2 0
3040.43 16155.8 0
24973 29395.3 0
38922.8 16522.4 0
23399.9 23124 0
15102.4 32599.4 0
17269.3 32142.9 0
8244.43 30684.1 0
27931.9 40685.3 0
34123.1 37870.2 0
23183.2 6933.36 0
13045.3 29365.5 0
12633 31433 0
25668.8 4024.94 0
16442.7 26678.6 0
43678.6 24622.6 0
35015.9 4860.97 0
17611.4 1910.72 0
24019.3 22599.1 0
34378.7 27537.7 0
28045.5 20026.5 0
21112.3 23555.4 0
25264.4 25014.4 0
24125.4 10968.3 0
21071.2 19398.6 0
30556.7 29059.9 0
34148.1 21718.4 0
25972.1 6399.54 0
39984.6 27188.7 0
13128.1 4869.54 0
22980.2 13899.3 0
30851.9 7523.12 0
41204.2 35219.9 0
22817.2 26131.7 0
19061.1 21025 0
2986.3 32406.6 0
22745.9 34824.2 0
39533.9 29503.1 0
24329.8 25984.7 0
22145.5 26212.1 0
22106.4 21503.7 0
35498.3 12499.8 0
30075.8 12213.7 0
12283.1 13504.3 0
32144.7 19539.9 0
16450.1 29210.1 0
23917.1 12197.7 0
6864.12 7503.33 0
31416.5 18757.8 0
21281.6 21742.9 0
32761.3 12981.2 0
24046.5 19566.9 0
24900.6 11348.3 0
27326.2 37094 0
22680 23678.4 0
23281.3 41712.2 0
20133.5 18892.3 0
196.681 24153.9 0
24794.7 23685.8 0
33581.3 39453.2 0
15390.1 7269.8 0
25326.6 21877.9 0
7125.48 33598 0
22442.8 17510.3 0
22085.2 18335.3 0
28511.1 43539.3 0
23318.4 32697.8 0
30566.3 4017.86 0
27340.3 19962.5 0
26844.1 30752.7 0
23103.2 28125.7 0
18251.1 22032.2 0
7274.7 22499.7 0
26067.5 24668.7 0
21616.9 23041.3 0
16030.6 40065.7 0
23479 21793.8 0
41319.7 28904.9 0
7157.84 13882.7 0
38844.7 29714.8 0
23539.5 35269.5 0
28822.7 41494.7 0
21315.3 20174.6 0
36142.7 36013.1 0
14600.1 21105.1 0
9846.33 18285.1 0
20422.2 8336.3 0
23120.6 19168.2 0
21825.4 20858.4 0
35394.7 20972.9 0
7178.06 27582.7 0
27256.2 11915.4 0
9807.72 22170.1 0
29684.8 7390.25 0
9835.61 9658.25 0
33470.1 35524.1 0
13718.3 10375.3 0
35555.3 33214 0
19413.6 7988.45 0
17276.3 31030.8 0
4201.61 10105 0
26798.4 34839.7 0
15523.5 19968.4 0
31655.8 25516.3 0
10162.7 20855 0
30259 22038 0
9217.23 38580 0
32530.6 17305.1 0
16636.7 11083.4 0
31391.1 37888.2 0
14438.3 40759.4 0
14935.1 37499.4 0
25222.7 1973.74 0
19365.3 967.999 0
20652.3 30235.3 0
4514.75 19584.8 0
32186.4 16039.2 0
25201.1 26310.3 0
14875.4 13914.7 0
31367.4 31543.8 0
40583.7 23962.8 0
25339.9 25510 0
25230 3050.43 0
18602.6 33087.3 0
32313 7298.31 0
23875 21683.2 0
12847.7 23124.5 0
29110.2 16480.3 0
23273.8 22320.9 0
11903.3 14944.2 0
6882.12 17885 0
30730.3 32170.5 0
16609 21583 0
22374.2 20088.5 0
18546 4974.59 0
34432.5 36670.6 0
30494.3 41519 0
18428.9 12208.2 0
12534.6 29075.8 0
20383 18558.1 0
22353.7 26205.8 0
20458.2 20213 0
10317.3 17940.2 0
24203.4 25691.6 0
31169 36336.9 0
27533.1 17998.4 0
20964.6 31627 0
28465.8 8975.67 0
6347.94 15329.7 0
564.869 23061.2 0
15256.2 38912.2 0
33958.5 41723.2 0
32131.9 22311.3 0
30986.6 34009.6 0
7896.58 16323.5 0
26732.5 38676.3 0
28014.3 16212.9 0
6387.26 27084.9 0
14569.9 8047.63 0
25648.4 26925.6 0
22570.2 7449.15 0
9888.26 21180.6 0
16155.1 34872.9 0
4184.6 14294.8 0
21394 23399.1 0
33558.6 10636.1 0
23033.2 21983.7 0
17358 4038.59 0
3961.46 27713.9 0
22094.5 22620.3 0
8116.95 16641.3 0
23071 12995.9 0
27045.7 24437.2 0
30615.8 37015.1 0
38063.3 19541.7 0
33532.9 21953.1 0
21902.5 29702.9 0
37654.4 33748.6 0
25337 33585.2 0
25518.1 39302.2 0
38513.9 36164.7 0
12455.9 14637.3 0
22989.8 20622.4 0
15989.1 18362.7 0
24056.7 14836.3 0
25033.5 3698.38 0
3046.11 14277.5 0
12277.2 17238.8 0
21720.5 34845.8 0
23874.8 28103.6 0
33135 24721.7 0
19838.1 21291.5 0
16086.1 38943.5 0
19538 19047.1 0
34896.9 7604.25 0
43773 16949.3 0
25560.3 10181.7 0
10100.3 19242.5 0
20859.8 20126.8 0
31064.5 17736.4 0
7144.03 24429.3 0
22401 23564.7 0
9240.81 8695.42 0
3832.21 15382 0
8630.3 32998.2 0
28692.8 30087 0
22641.4 38608.6 0
10930.7 17681.9 0
18057.2 22816.8 0
23315.7 14684 0
37782.1 28513.9 0
14108.4 39709.4 0
17898.1 41508.9 0
4030.99 32943.2 0
30159.7 22397.8 0
14978.8 30212.6 0
37074.2 24856 0
7970.96 20525.8 0
20753.4 22531.7 0
2948.62 17234 0
31773 10191.9 0
21460.8 24561.6 0
6685.14 35006 0
11892.2 5675.06 0
30538.2 27917.1 0
30038.4 32742.2 0
32444.6 22592.8 0
14171.8 26927.1 0
15696.9 29104.1 0
23175.6 5576.51 0
36657.7 11994.1 0
14763.6 27933.4 0
3844.07 30854 0
543.113 22558.6 0
25406 15151.8 0
21409.5 22920.6 0
18722.8 21617.2 0
19641.2 37810.4 0
21965 16264 0
19035.3 11746.4 0
22042.4 33305.2 0
23873.2 37448.2 0
34570.1 13380.8 0
14460.4 18802.4 0
17377.1 15815.6 0
22478.6 15683.2 0
19934.8 28752.2 0
13913 5382.17 0
1296.23 26163.8 0
18020 21388.1 0
8417.16 38260.2 0
32822.3 41282.3 0
15056.4 28640.2 0
10067.2 29239.2 0
28629 26409.7 0
18183 36781.2 0
17805.1 1818.79 0
32721.7 24937.2 0
22693.4 35039.9 0
15436.6 10868.2 0
40270.4 35708.5 0
37075.8 12704 0
26659.8 15074.5 0
21694.1 14264.6 0
3833.6 11250.1 0
43539.7 27361.7 0
26431.4 19982.8 0
27979.6 18577.1 0
17744.6 17166.6 0
37161.7 15225.8 0
19325.5 18705.4 0
16659 27909.2 0
27296.6 30769 0
26287.5 13968.8 0
33187.6 20693 0
24217.3 22800 0
2480.28 28431.3 0
26378.7 17404.7 0
18055.6 34963.2 0
11178.9 5967.24 0
7894.39 17350.3 0
28426.9 13983.5 0
35906.2 12362.1 0
23205.4 10622.8 0
22173.8 38448.5 0
34594.4 14694.5 0
41018 29402.1 0
15793.8 31926.4 0
37088 33466.8 0
2598.1 30594.4 0
36822 31471.6 0
6277.08 18580.2 0
21203.6 20985.1 0
12631.1 26999.3 0
23610.3 29522 0
26737.7 17483.3 0
25123.1 22501.9 0
42952.2 21965.2 0
40601.7 20078.1 0
31944.8 17716.6 0
25723.8 17257.3 0
43561 19882.3 0
30902.1 27030.3 0
25496 20191.4 0
27574.3 30872.8 0
37835.8 12914.1 0
14891.6 21485.5 0
17212 12409.1 0
13460.7 30394.9 0
11598.2 8355.1 0
20533.7 31261 0
26009.3 17683.9 0
27708.4 39207.5 0
37991.8 27096.5 0
25326 22139.3 0
35849.5 36934.8 0
20880.1 29005.3 0
21255 26911.2 0
37832 32989.2 0
14371.7 20210.8 0
26431.9 19546.6 0
27377.1 18420.5 0
22514.7 7064.01 0
17998.8 14917.4 0
1237.43 24919 0
24441.7 15354.6 0
27367.2 44451.8 0
39723.9 35356.9 0
25833.6 23199.7 0
20205.4 40279.1 0
31415.3 13483.6 0
25841.6 24550.5 0
22901.9 18473.6 0
29490.1 22071.2 0
4035.08 15243.5 0
12610.7 20998.4 0
35055.3 36489.9 0
15805.7 10417.1 0
24486.6 12373.8 0
43766 15144.6 0
32783.5 18777.5 0
27124 35413.9 0
12058.1 23312.3 0
33277.5 24524.1 0
5043.66 19081.4 0
16559.9 12490.5 0
26677.3 25524.3 0
11025.2 30640.3 0
16469.9 11311.2 0
37154.9 11753.7 0
12396.7 30356.1 0
19085.4 24459.6 0
30732.5 23981.2 0
27731.6 32081.9 0
35981.9 19348.7 0
20552.6 12585.1 0
23496.3 20341.3 0
16184.7 18142.5 0
27301.1 19065.3 0
37355.3 5583.61 0
16570.6 23124.7 0
20027.9 20121.6 0
27605.1 21303.4 0
29893.5 27096.9 0
22472.4 9555.44 0
18002.5 10840.7 0
24049 13452.1 0
41805.3 23641.7 0
4219.92 19865.5 0
32340.8 39316.7 0
22072.9 23028.2 0
34753.3 7290.4 0
19431.4 32916.5 0
25494.8 22978 0
44752.3 22519 0
21294.1 24085.1 0
11147.7 35571.1 0
23310.2 25019.7 0
12585.6 37565 0
14846.7 25424.4 0
40790.5 10566.2 0
30169 40620.7 0
29373.4 26686.6 0
21066.1 12129.4 0
14912.4 35849.3 0
29956.1 25687.5 0
23095.2 21241.5 0
20527.5 25853.6 0
31811.6 35464.6 0
29967.3 19543.2 0
25152.9 16759.4 0
17938.6 33066.5 0
32811.6 36314.9 0
22369.5 21232.7 0
38832.3 14068.6 0
10057.6 30254.7 0
19155.1 40175.8 0
23866.8 36355.9 0
15917.4 23661.6 0
28863.1 21328.5 0
18081.3 27861.9 0
11438 25747.9 0
31438.3 23160.2 0
35099.9 8729.65 0
22368 22171.7 0
42302 12009.2 0
21014.8 22290.8 0
22649.5 13511.4 0
30182.1 30208.5 0
17525.2 41622.5 0
23836.3 25515.9 0
10548.3 28545.8 0
3225.59 27289.7 0
30879.6 29247.2 0
18963.5 44270.7 0
15958.5 43006.5 0
33628.4 18475.2 0
18526.1 37723.4 0
30917.7 18239.7 0
26607.3 30259.9 0
12338.3 24827.8 0
42950.3 27237.8 0
14634.9 30444.2 0
17139.5 36287.2 0
36304.1 23375.7 0
28629 11755.8 0
19834.5 22109.1 0
22932.9 32724.2 0
13439.1 20251.4 0
24123.8 21133.9 0
32587.7 40684 0
28578.8 23340.3 0
13201.7 15720.1 0
12307.9 16542.1 0
9634.02 40007.7 0
8746.99 16922.9 0
12948.8 13990.4 0
21901.9 27522.6 0
6208.64 17055.9 0
14609.4 26169 0
23449.3 15539.1 0
1520.05 25115.6 0
23896.7 33799.5 0
24743.8 30624.2 0
7182.88 12758.7 0
19842.3 27129.1 0
35772.6 37923.3 0
36120.5 12321.2 0
20375.8 39240.9 0
29442.2 31406.4 0
23576.5 6881.39 0
22264.7 26903.2 0
38929.5 19490.8 0
26257.3 24180.2 0
44865.8 20730.5 0
25730.8 44176.5 0
23090.3 25313 0
19712.3 7293.44 0
21130.6 9946.61 0
26782 24207 0
16094.7 19358.1 0
10522.6 38905.6 0
23871.4 29705.5 0
5761.99 22572.3 0
21044 5178.11 0
30504.4 2337.14 0
31477.9 27973.7 0
20865.3 14188.8 0
28181 31032.1 0
35146.4 17744.2 0
28520.3 3147.13 0
20716.7 26443 0
8360.8 17259.9 0
37410.2 31952.9 0
38958.5 21902.7 0
32789.4 26989.2 0
27218.6 21991.2 0
26041.8 5083.75 0
28206.8 32921.9 0
25022.5 17302.3 0
34639.2 21370.1 0
35572.2 21551.7 0
22034.2 15492.5 0
27063.7 42367.3 0
19916 5362.82 0
6002.32 14554.3 0
10423.6 18662.3 0
9186.88 18924.9 0
24186.3 31527 0
35643 15996 0
10453.2 5980.8 0
26283.8 23806.3 0
34252.8 9125.57 0
12606.2 23321.6 0
15407.1 36710.5 0
2218.24 25947.5 0
22917.3 22174.2 0
13438.6 23760.8 0
14699.8 13318.2 0
17392.9 25335 0
9723.1 15796.8 0
17824.9 14722.2 0
35536.8 25515.4 0
37126.8 27775.6 0
17136.5 22585.3 0
34790.4 20320.1 0
6394.76 32236.6 0
11666.3 39764.3 0
19978.7 37338.8 0
11493.8 14016.4 0
22178.8 20840.2 0
9767.05 19788.5 0
39214.1 21350.2 0
13788.7 19628.6 0
25470.3 22560.8 0
36690.9 27513.7 0
22364.4 35870.1 0
25154.4 5797.08 0
30688.8 7835.53 0
20777.5 27785.1 0
9877.02 15553 0
16621.1 38445.5 0
5734.1 9974.76 0
35727.9 24678.2 0
16379 11117.8 0
37704.9 22646 0
30767.3 32951.6 0
14730.6 35231.1 0
15080.9 10195.1 0
27104.2 19456.3 0
33260 30515.6 0
26786.5 10184.6 0
11701.6 13328.2 0
18509.9 19933.2 0
9739.68 17154.6 0
24360.9 17584.1 0
28869.3 39625.7 0
39380.4 11211.2 0
26016.3 18411.5 0
32567.8 3121.64 0
13456.7 13006.1 0
26614.6 11236.4 0
23512.3 20822.9 0
4430.36 11974.3 0
18769.3 14718.3 0
16027.4 22139.5 0
24855.2 22833.4 0
9440.12 22171.9 0
21214.7 15709 0
30942.7 3750.14 0
34752.7 33388.1 0
30893.7 2180.62 0
43399.9 17414.5 0
40183.6 20304.6 0
40387.7 12751.7 0
34363.6 18800.2 0
5579.35 23987 0
28770.5 26073.4 0
30883.4 10047.5 0
22830.5 34335.5 0
38730.4 28089.9 0
27086.4 17027.3 0
15086.5 11884.9 0
15151.2 15003.2 0
5848.53 23558.2 0
25018.6 28934 0
21877.3 19186.4 0
26198.7 21127.8 0
6240.1 10842.5 0
11551.8 8159.27 0
13568.2 28971.1 0
8208.03 25337.1 0
34321.4 23381.8 0
7214.79 33020.5 0
17600.4 19287.6 0
26106.3 26835 0
31986.5 8061.8 0
20935 15249.7 0
2137.74 21471.6 0
41218.5 29883.3 0
42605.2 12214.3 0
33523.1 26971.9 0
36185.7 11320.4 0
13198.1 14908.4 0
23814.5 22770.4 0
25020.7 19590.4 0
12040.1 42516.5 0
22863.7 19611.3 0
16374.8 22521.8 0
25542.2 23296.1 0
20362.3 22555.1 0
32054.7 23975.8 0
24126.4 23657.8 0
43678.5 15444.9 0
30997.9 13235 0
17462.8 22272 0
20877.9 21556.2 0
20060.7 32304.7 0
21850.4 36482 0
8238.53 27723 0
23644.6 17931.1 0
24820.5 16483 0
3586.33 24321.2 0
2851.44 32894.5 0
31419.8 24071.6 0
33324.6 16361.9 0
29057.3 13763.9 0
29162 27324.8 0
18836.5 7558.61 0
33409 34235.6 0
13022.2 13748.1 0
15882.9 28802 0
23534.5 18460.1 0
20398.3 16822.1 0
21412.3 44518.9 0
24667 22746.9 0
1256.39 23741.7 0
8459.32 29163 0
21630.6 19511.9 0
20164.5 24958.5 0
29685.7 31503.9 0
33185.2 9050.05 0
27210.2 25201.1 0
32368.8 39551.8 0
5374.08 31533.9 0
29062.5 30525 0
31470.5 21157.1 0
11620.5 27787.8 0
31634.3 26765.9 0
19829.6 22859.7 0
12132.9 24944.6 0
22894.2 18813 0
20221.9 20477.5 0
15549.6 38187.5 0
20181.3 19472.6 0
6283.11 20463.4 0
9490.7 30902.6 0
7116.65 11852.3 0
6624.89 17784.1 0
19761.4 33994.5 0
33124.3 34845.6 0
30885.5 35719.9 0
21287.5 16473.4 0
27316.4 12810 0
13313.2 26035.9 0
10068.1 10818.6 0
24536.5 28227.5 0
37352.2 15982.6 0
11594 30093.8 0
32166.2 41756.1 0
17680.8 31841.6 0
12253.2 24394.5 0
27531.3 33471.9 0
18853 15795.4 0
26625 44175.3 0
15630 36826.3 0
21408.6 25607.4 0
29444 38055.7 0
6791.75 13623.8 0
5034.14 21349.6 0
21163.5 22603.1 0
27291.6 2806.96 0
9993.8 4827.18 0
35667.5 4775.05 0
16008.7 25753.6 0
9667.48 27376.4 0
24173 22071.6 0
40610.2 33634.2 0
29818.6 28302 0
16630 15340.3 0
5023.02 16401.3 0
24122.4 25210.5 0
11952.6 11597.7 0
36085.2 14536.3 0
29293 28943.6 0
23721.8 2106.4 0
19103.4 31167.7 0
17359.9 26881.9 0
3849.35 24330 0
29020.6 18455.8 0
40930.8 16146.3 0
26188.2 11404.7 0
43196.9 13560.1 0
22362.6 24811.5 0
36039.8 37528.7 0
5397.35 11844.9 0
14981.6 24583.8 0
28462.5 6230.61 0
23397.3 7317.64 0
25614.5 21169.9 0
31866.3 21179 0
42432.1 20265.5 0
23313.2 1635.91 0
22522.8 18749.8 0
34587.1 19652 0
19153.4 14070.2 0
36605.7 21552 0
17881 25829 0
20562.1 10625.9 0
8287.51 14174.6 0
21790.2 23156.8 0
26535.5 24807.2 0
29861.1 5059.47 0
34714.8 10964.1 0
41817.7 21231.6 0
34190.2 41134 0
21420.1 1912.89 0
31448 16004.8 0
39237.3 32543.9 0
39578.7 26634.3 0
10410.7 31553 0
22070.2 25280.5 0
25154.9 31779.4 0
9708.8 10186.2 0
25243.1 36922.4 0
34524.7 19042.1 0
37777.2 26447 0
1788.46 26662.1 0
24095.7 17792.1 0
21851.9 23871.5 0
22770.8 39008.8 0
21505.7 10724.4 0
35152.6 5429.04 0
9780.94 23245.4 0
13238.2 35656.7 0
24712.4 32002 0
27725 9905.57 0
5284.01 22800.2 0
29183 32737.8 0
8825.03 25961.8 0
8146.93 24753.1 0
25138.4 28224.9 0
30396.3 14069.1 0
21141.2 24776.3 0
22670.2 24302.9 0
35881.2 24183 0
6950.62 15902.6 0
23929.2 10589 0
9587.36 24176.6 0
36636 39580.6 0
18766.9 28122.5 0
4446.44 20758.6 0
42544.2 12467.5 0
20243 23270.6 0
12534.6 13190.8 0
4597.86 29913 0
37743.1 17807 0
17342.5 12165.4 0
14322.3 24842.7 0
6778.07 14944.2 0
15619.5 25801.9 0
14862.1 41628.8 0
31464.5 17616.2 0
27152.2 18738.9 0
36281.7 29194.4 0
13117.4 29710 0
25610.4 7889.3 0
27745.6 15114 0
21651.6 28930.9 0
20888.3 44128.6 0
19339.6 26159.5 0
22224.4 19876.7 0
16577.6 25790.3 0
23609.9 9968.79 0
14635.8 10163.7 0
26749.1 14342.1 0
41493.3 29718.6 0
31435.3 27721.7 0
5353.34 31836.2 0
27009.6 26673 0
21544 31343 0
11243.2 18658.8 0
10394.8 39370.6 0
32972.9 20024 0
28367.6 28984.7 0
24202.2 45042.5 0
42623.9 19678.1 0
12013.3 7862.01 0
16984.9 37548.6 0
19768.8 14209.6 0
22292.4 28917.7 0
12706.8 3762.68 0
40655.3 26699.8 0
21954.8 26326.9 0
22890.5 23690.3 0
25704.3 32008.2 0
12885.6 24489.2 0
13223.8 26312.1 0
22738.3 37056.3 0
29001.3 2194.64 0
43814.1 26984.9 0
28536.5 25224.9 0
30767.7 3582.36 0
6993.78 34564.7 0
27926.1 20418.4 0
12231.8 3141.81 0
41443.3 32632.9 0
26524.8 27591.7 0
30302.9 22551.1 0
23262.6 18942.9 0
22623.4 21384.4 0
36353.4 33877 0
26524.1 22918.6 0
27662.8 25353.8 0
8809.01 7794.84 0
22817.9 20029.8 0
20593.4 32249 0
18627.1 26010.1 0
17167.3 15750.3 0
15167.3 18819.3 0
27429.1 16206.2 0
5557.69 19198.1 0
5163 25863.7 0
27231.4 20409.5 0
41663.4 24716.5 0
23028.9 24718.5 0
37385.6 34643.4 0
28935.6 22247.6 0
34521.8 10342.5 0
19792.4 24705.5 0
26233.3 32846.4 0
9511.3 21315.5 0
4302.3 19536.5 0
21773.9 21546.8 0
20365.5 21193.2 0
28991.4 12751.4 0
14127.8 35374.7 0
15005.5 19562.7 0
15322.9 15449.1 0
24452.2 29493 0
17314.6 15138 0
23770.2 18989.5 0
34179.5 21424.7 0
12721.5 41636.5 0
29315.3 4562.16 0
23933.8 12461.7 0
29412.4 18183.1 0
7083.43 15646 0
37533.9 8516.89 0
13546.9 26729.8 0
19817.4 44110.5 0
25972.3 38646 0
27723.7 33230.2 0
18029.4 30003.9 0
34866.1 3935.36 0
26115.1 8463.04 0
32241.8 37100.4 0
28314.9 31813.1 0
19088.9 988.361 0
16905.6 32222.2 0
17740.1 25204.6 0
36350.1 5059.97 0
39173.7 22076.9 0
30245.3 16763 0
15772.4 28273.1 0
40279.1 8906.51 0
14727 24592.5 0
38734.9 22901 0
26248.5 23093.7 0
27885.5 38568.5 0
30622.6 31511.4 0
23108.7 35052.5 0
22947 20360.2 0
5713.85 18118.8 0
27621.6 14071.6 0
12098.8 14423.6 0
13224.5 28921 0
5936.63 27550.1 0
20433.6 32656.7 0
11417.1 11867.6 0
23896.4 29114.8 0
14460.5 43513.1 0
7392.48 34295.9 0
23142.6 17393.3 0
17423.1 43763.8 0
23519.9 42700.6 0
8796.51 17685.1 0
20208.3 24426.8 0
17674.6 43862.3 0
24110.9 33636.5 0
21980.3 28984.8 0
8156.79 13254.7 0
9218.76 28328.6 0
7892.84 21149.5 0
18059.4 16483.2 0
18249.5 14228.3 0
2713.95 13791.7 0
9058.82 34839.7 0
35523.2 5859.46 0
17165.6 24094.7 0
37722.8 29694.5 0
22961.4 27501 0
33799.6 21115.5 0
33769.5 11836.6 0
22031.7 13697.8 0
14282.7 35502.9 0
27045.2 44437.2 0
42589.3 24615 0
33348.4 8426.84 0
10170.1 32670 0
19550.6 3684.9 0
39864.2 17823.4 0
38151.7 32826.5 0
12956.6 40421.6 0
27368.9 34764.2 0
20675.6 39047.2 0
9207.24 25777 0
9317.95 30325.1 0
14611.6 16936.2 0
32138.3 23434.5 0
24913.9 13721 0
30298.2 31277.6 0
15482.3 40206.7 0
21642.8 31625.3 0
15317 9561.36 0
316.103 26000 0
11575.3 16661.4 0
20731.5 3548.88 0
21516.1 26891 0
7303.64 26948.2 0
29250.2 30204.1 0
25738 23751.6 0
36142.6 9073.86 0
10572.6 36313.6 0
34788.3 31660.9 0
17716.3 15826.8 0
34880.9 24743.1 0
17129.4 34625.7 0
26353.4 42428.3 0
36397.3 39088.5 0
22117.5 12940.7 0
22505.9 28577 0
15649.5 26585.1 0
34704.5 40833.8 0
25813.8 31734.2 0
22650.6 3112.42 0
35484.2 19596 0
38510.3 22873.4 0
26049.5 22882.4 0
25271.3 20721.6 0
23983 25798.3 0
9860.5 30479.6 0
36505.2 24131.8 0
26994.1 16351.2 0
37941.9 23583.7 0
9499.2 11418.4 0
13013.2 19802.6 0
33276.9 2880.92 0
12847.3 17194.5 0
9146.22 22577.7 0
17065.8 15282.1 0
21364.1 3844.91 0
19402.6 21295.3 0
34029.1 21030.3 0
11988.9 8549.23 0
36620.8 11617.4 0
12057.7 35636.6 0
28348.3 28539.7 0
7646.2 30067.3 0
37615.6 38487.8 0
31688.6 42188.4 0
37294.2 19156.4 0
22728.1 10288.7 0
25554.6 27406 0
11577.2 6063.2 0
10499.7 6509.64 0
25368.5 10659.1 0
21169.7 19619.9 0
18570.4 40338.2 0
6572.38 21272.5 0
8702.19 18338.4 0
15742 7626.72 0
10841.3 13921.8 0
16187.6 27345.5 0
27238.3 34302.7 0
16713 18017.1 0
18560.5 26904.8 0
17265.4 23271.7 0
32627.5 35383.8 0
23063.2 40423.2 0
19268.3 28260.7 0
28757.8 35085.6 0
35236.4 31612.7 0
15554.9 35343.7 0
22437.4 22797.1 0
7800.99 37584.1 0
12988.8 8032.24 0
18232.1 41183.6 0
12760.2 40136.1 0
29688.1 36662.5 0
27502.2 29657.5 0
18916.7 8775.06 0
8518.05 9411.14 0
10678.3 38060.5 0
9139.54 5387.46 0
40235.1 9338.92 0
24455.7 1739.46 0
30424 19365.2 0
35776.6 25063 0
26858.4 28267.4 0
12466.3 26374.4 0
26231.6 36028.9 0
42582.1 22687.9 0
36563.1 21964.5 0
22064.9 14745.6 0
13930.2 23324.1 0
19200.7 30548 0
14212.1 32387.4 0
1659.11 28157 0
38374.9 8758.68 0
14721.9 39430.2 0
19852.5 29961.5 0
13609.5 27508 0
12676.9 5805.22 0
40476.7 14364.6 0
20110 22868.4 0
23672.2 33379.2 0
27687.9 22458.1 0
35869.2 32529.4 0
10708.2 16594.2 0
37122.7 36336 0
13596.6 42603.6 0
30713.6 34027.1 0
16946.6 34174 0
42328.4 32843.3 0
35702.6 6649.77 0
24128.4 23990.8 0
17744.7 32727.6 0
34503.3 6279.14 0
41309.6 33931.8 0
2394.47 23889 0
26126 43610 0
28887.6 28195.3 0
13597.6 18438.2 0
36306.2 17759.2 0
14933.1 26487.3 0
18892.8 17308 0
17742 39275.5 0
11344.7 33388 0
34382.9 12134.7 0
28760.9 37967.9 0
17379.5 19125 0
20291 14397.1 0
20723.6 25692.1 0
8811.18 10040.3 0
27776.7 24501.5 0
23238.7 24322.8 0
12911.3 8378.12 0
9113.42 20796.1 0
4883.55 34501.5 0
23362.7 28753.1 0
29102.8 10514.2 0
38337.4 19264.2 0
21352.1 25878.4 0
3288.06 28902.6 0
19357.3 24024.9 0
19851.5 39663.2 0
14337.2 40954.3 0
15491.8 17984.5 0
18206.9 17144 0
32021.8 16542 0
38193.9 35232.4 0
26858.7 30104.7 0
25433 21548.3 0
27197.5 25854.9 0
19414.9 34519.9 0
32090.6 35822.9 0
19825.6 13354.9 0
21797.3 24243.6 0
14430.6 28919.8 0
24083.3 16365.5 0
34126.6 40124.4 0
28288.7 17979.5 0
14974.6 39888.7 0
13521.8 24906.8 0
27838.9 21275.9 0
7744.07 25011.3 0
11657 3739.5 0
13952.9 2076.24 0
24323.4 23089.5 0
8074.88 28054.7 0
33324.8 20486.8 0
29795.3 28543.4 0
42713.8 18714.8 0
5657.91 32200.7 0
24244.4 39032.1 0
17766.1 7669.97 0
33285.3 36815.3 0
42912.8 26515.6 0
25010.9 7030.79 0
30274.8 15563 0
13871.2 3501.27 0
19862.8 21824.8 0
11211.8 12522.7 0
14488.9 33005 0
28337 31327.5 0
43078.3 22620.5 0
43433.5 15923.5 0
26001.7 14993 0
23145.6 21556.9 0
32216.7 29751.9 0
22396.7 16946 0
17546.1 28769.1 0
8876.22 13308.3 0
25273.6 21058.4 0
30058.4 13118.9 0
24299.6 18119.4 0
38545.7 37411.7 0
32593.4 12574.6 0
43380.6 22014.2 0
22492.8 20365.6 0
11941.3 25608.4 0
12521.7 36987 0
15726 8199.22 0
34538.7 35691.3 0
24741.4 19061.2 0
24251.7 12942.9 0
30424.3 21745.6 0
14141 34841.6 0
17670.5 23514.5 0
19661.4 34855 0
28039.6 19285.9 0
7798.3 24238.2 0
32348.2 35746 0
18657.6 4303.19 0
5116.42 30462.7 0
17979.4 18533.8 0
31248.6 24311.1 0
16435.7 2100.59 0
27808.8 25845.5 0
21154.3 15489.1 0
13521.1 9560.79 0
11692.2 2818.24 0
20534.3 24970.7 0
26280.5 20861.8 0
24432.5 15782.1 0
38161.1 36985.8 0
40852.1 27144 0
23816.8 12002.5 0
21768.6 6440.47 0
24195.2 12639.7 0
25927.2 30285.8 0
39293.9 32166.7 0
15605 29794.7 0
35920 22066.9 0
35590.1 31228.6 0
10957.6 41731.1 0
24997.8 18015.7 0
29190 13099.3 0
12436.9 13953 0
42161.4 26954.2 0
22264.4 39598.3 0
21293.5 32358.2 0
28109.6 28306.4 0
19622.6 33455.8 0
39427.3 33550.3 0
40869.8 20149.6 0
39230.4 12920.6 0
19601.3 27450.6 0
32769 7759.72 0
33173.5 24277.3 0
28194.8 35810.5 0
31125.7 26289.6 0
30512.6 12340.7 0
17856.6 892.06 0
6289.93 24343.5 0
19023.7 35041.2 0
13162.3 30089.4 0
34112.2 34305 0
27598.2 1208.93 0
13314 21023.8 0
15021.9 12662.8 0
37172.3 10751.6 0
30601.4 42615.6 0
22690.4 27417 0
34165.6 26939.4 0
1992.59 23421.4 0
25948.3 25867.5 0
24307.4 30920.9 0
24444.9 11180.8 0
31051.4 19968.4 0
24244.9 14957.2 0
40988.5 13446.2 0
36924.8 29864.6 0
32640.2 13479.6 0
30784.2 31245.7 0
22840.2 22957.5 0
17570.3 28456.5 0
36158.3 20686.6 0
28557.4 20536.7 0
21381.2 41563.1 0
26487.3 22286.8 0
5119.57 22580.3 0
13009.6 21393.4 0
17163 10293 0
30704.6 32447.6 0
29021.4 27056.1 0
19944.1 32581.6 0
27675.6 24842 0
20863.9 28001.6 0
38102.6 33226 0
29547.4 24152 0
23076.1 22371.9 0
12620.9 23112.8 0
29908.6 14562.7 0
39802.1 27981.2 0
21990.9 25792.3 0
30191.8 32898.5 0
7517.41 11064.2 0
30501.3 9681.64 0
29421.7 17209.4 0
15476.8 28099.8 0
24877.1 44547.4 0
23960.4 18875.3 0
29306.8 22714.3 0
9108.39 10508.7 0
18579.6 32745.8 0
18441.6 42788.2 0
18765.4 5587.85 0
3302.8 25540.4 0
21606.5 24082.6 0
21403.2 18727.6 0
22571.9 4732.54 0
16374.4 35726.4 0
29816 36972.7 0
24313.9 28553.3 0
34053.4 14563 0
18608.4 21230.8 0
16958.3 22014.5 0
31544.4 2077.01 0
39205.2 30495.6 0
13289.8 38600.4 0
11026 13386.4 0
5322.16 26394.1 0
14818.8 31022.9 0
33138 15123.4 0
38651.5 34823.7 0
3376.6 20583.7 0
35462.4 13149.2 0
17484.8 37889.5 0
19612.5 13692.5 0
34536.7 9981.73 0
6625.56 12389.9 0
23356.3 21589.4 0
18867.4 19055.4 0
11698.7 17954.5 0
24947.6 15074.4 0
14002.4 21241 0
10323.4 15426.5 0
18803.9 42230.7 0
10668 9095.47 0
21633.3 3932.55 0
30909.3 10731.9 0
19291.5 26686.3 0
17823.5 20578.6 0
40490.9 22884.7 0
10367.7 28081.6 0
18154.2 17721.7 0
23746.5 15547 0
16272 20020.4 0
42512.8 13032.1 0
35031.1 25135.4 0
25420.6 5326.51 0
11683.5 31496.4 0
4533.63 33081.8 0
25025.5 5298.38 0
26698.7 28917.6 0
29261.1 29696.8 0
23028.7 5367.24 0
21073.9 13592 0
18811.2 21196.6 0
27368.6 25748.9 0
22347.8 23016.8 0
23330.5 30536.9 0
14416.3 13354.2 0
30059.7 17245.4 0
22247 15377.6 0
26146.9 41939.4 0
22876.4 562.145 0
15482.4 14493.6 0
11959.5 32734.7 0
17843.4 629.783 0
28295 33233 0
6524.23 16379.1 0
24464.8 19911.7 0
25727.4 727.648 0
30084.6 5141.04 0
33484.1 28832.3 0
26245.8 28354.4 0
3906.99 31256.5 0
22297.4 24032.6 0
11249.5 32159.6 0
22084.3 20262.8 0
20472.9 19615.5 0
9322.7 35599.3 0
15881.9 3306.52 0
20201.4 27823.7 0
20668.1 19337.5 0
14564.3 28378.7 0
29844.3 31813.5 0
31092.6 10166.9 0
8233.89 18463.5 0
25540.6 37339.1 0
35865 16426.2 0
17808.7 1249.13 0
29134.3 15357.2 0
14108.6 17007.9 0
18975.5 28021.2 0
13663.4 34508.2 0
32374.9 3634.21 0
1523.25 28590.7 0
15916.6 24001.6 0
25737.8 21799.2 0
27460.8 10694.9 0
24809.3 10482.9 0
13270.2 33819.1 0
32216.7 21149.2 0
29030.4 33671.8 0
30972.6 14744.2 0
27012.7 30514.2 0
22560.2 45020 0
40502.4 18539.7 0
36130.4 23179.3 0
22314.5 12122.3 0
44226 26982.9 0
39991.6 16951.3 0
15645.2 21512.3 0
11656.7 25518.7 0
21899.1 8499.71 0
35286 28568.2 0
36638.2 38105 0
26768.6 17209.3 0
18134 37273.8 0
24793.3 17103.4 0
4099.31 23132.8 0
27279.6 17088.3 0
25824.5 9211.07 0
26952 1859.61 0
31677.7 38551 0
15585.5 15460.5 0
20854 23397.7 0
27726.2 4295.26 0
36242.8 17284.3 0
26412.7 27399.8 0
22910 12652.1 0
34839.8 18940.1 0
19498.6 12901.4 0
23049.9 18673.7 0
28350 33622.5 0
874.051 28316.4 0
2889.71 26236.2 0
39182.3 28860.7 0
5422.01 31240.8 0
16847.7 16584.2 0
18889.3 18097 0
25803.9 35592.1 0
31751.4 4140.75 0
27112.8 23859.5 0
4405.72 25278.1 0
11676.6 32384.9 0
15100.1 30877.2 0
39115.5 21585.9 0
19613.4 310.173 0
13157.8 38182 0
15125 27430.4 0
41528.8 22004.4 0
5437.56 29948.3 0
30507.6 29913.9 0
20042.1 31683.2 0
23038.5 37444.1 0
27128.9 19838.4 0
14785 28677.1 0
21462.5 20019.4 0
39790.2 14581 0
12345.4 28601.1 0
15764.9 9304.54 0
22523.1 2827.41 0
8552.1 31850.6 0
20566.1 13538.1 0
25807.8 21546.8 0
18358.1 18092.8 0
12021.5 4607.99 0
15168.2 3399.33 0
10692.9 15803.9 0
35965.3 40063.9 0
40607 27683.1 0
31299.8 28874.6 0
20050.7 28047.2 0
1549.39 14787.5 0
28774.1 19536.4 0
27660.6 16992.9 0
35057.4 26711.1 0
20295.9 551.516 0
29930.7 26184 0
22256.8 39223.1 0
17739.5 43324.9 0
10905.7 6806.81 0
5509.05 17038.1 0
30118.5 11495 0
7535.53 7445.83 0
32284.6 27228 0
31256.2 21205.8 0
25530.3 17749.6 0
42604.5 23451.1 0
31082.6 7902.64 0
32491.3 14476.7 0
20135 953.434 0
42734.5 13210.2 0
31844.1 28133.1 0
35430.4 39187.8 0
38150.8 30289.8 0
22787.1 41778.7 0
672.379 17803 0
7218.58 36445 0
20040.7 18274.1 0
30082.7 35749.1 0
19370.5 21096.9 0
33559 20068.3 0
32075.4 34218.9 0
40580.4 24491.8 0
19087.4 21439.4 0
21153.9 8576.55 0
35124.3 16922.7 0
31340.7 39483.4 0
26288.3 41137 0
30560.6 26034.2 0
18637.5 22282.1 0
6532.91 36294.5 0
17529.1 24017.3 0
16512.6 40124.7 0
41571.9 19536.6 0
2092.32 25696.2 0
20265.1 27554.3 0
36892.7 32805.6 0
16659.7 20851 0
10352.2 10414.7 0
34447.7 32624.5 0
7915.54 23226.9 0
31777.4 41884.2 0
38986.5 7575.94 0
25605.7 25433.9 0
39964.9 26782.7 0
26426 11635.6 0
21895.3 19878 0
23380.9 4310.98 0
28159.1 18667.2 0
32915.2 28460.2 0
26582.8 24323.8 0
22680.7 14078.6 0
26567.5 26383.6 0
29256.9 23674.6 0
29726.9 41775.5 0
20995.8 29467.8 0
24330 23739.8 0
20079 24173.6 0
26209.2 19437.2 0
17918 30358.5 0
18059.9 25516.9 0
19422.6 11962 0
24348.9 5287.97 0
13670 2228.37 0
33843.8 21498.4 0
37815.8 29214.4 0
42843.4 20269.6 0
18625.4 22887.2 0
29244.4 6456.77 0
2172.89 23999.5 0
36112.3 7504.35 0
39111.4 26504.8 0
16571 30653 0
37363.8 31212.7 0
22597.8 32747.8 0
2876.75 15053.7 0
11327.3 27446.6 0
12184.3 26999.1 0
21238.1 29525.6 0
20284.4 17111.4 0
23349.7 26416.8 0
21929.3 22832.7 0
42313.3 15712.7 0
39484.8 15443.7 0
32398.2 2913.83 0
3321.21 13960.1 0
11011.6 5359.5 0
10372.4 33978 0
21924.7 21248.1 0
1969.4 18863.7 0
36378.5 6141.14 0
3002.52 28760.9 0
31432.5 39044 0
17335.3 35271 0
26284.4 18056.5 0
5030.05 18651.4 0
24376.1 8253.63 0
25248.2 27160.7 0
21421.3 6942.29 0
25123.4 31457.5 0
16143.7 35922 0
13700.8 41648.3 0
25642.6 11929.8 0
33934.9 30767 0
13034 33249.2 0
13980.3 27478.9 0
26791.1 22387.1 0
33429.5 11163.3 0
18149.7 15222.7 0
31308.3 2177.01 0
19841.7 9922.85 0
18460.5 35427.5 0
2045.35 24245.3 0
23599.9 32592 0
24859.1 25499.4 0
23970.7 24240.9 0
18680.1 24742.4 0
22514.1 24431.7 0
40951.9 30617.2 0
17264.3 11610.4 0
31227.7 20505.8 0
33843.3 32208.1 0
15419.6 23624.1 0
41141.7 20321.7 0
8008.58 26843.2 0
34933 17108.4 0
20634.5 17121.3 0
19859.2 43841.5 0
12451.7 38795 0
31626.9 23671.8 0
37378.6 17109.8 0
23633.3 23263.1 0
14587.6 32618.5 0
20536.4 24559 0
4021.09 14424.2 0
23810.9 25986.9 0
25848 20354.6 0
30678.6 22070.4 0
34582.1 5521.87 0
37516.6 18632.5 0
37340.9 22275.9 0
28184.9 20386.7 0
17579.5 18696.6 0
33174.8 31841.7 0
14850 4981.99 0
16380.6 35318 0
34675.5 25135.3 0
17678.9 3690.8 0
9610.55 31601.7 0
23483.4 28153.2 0
35454.1 17066.7 0
32951.5 5722.61 0
30184.4 16093.5 0
39871.6 30353.6 0
13633.4 24341.8 0
23700.2 19301.4 0
24302.5 30136.5 0
43987.2 27595.7 0
23827.6 30771.2 0
41776.2 27291.8 0
21875.7 18221.5 0
35503 10227.6 0
38669.5 26253.5 0
27327.9 32912.8 0
37201 39285.2 0
17052.5 14137.3 0
23160.3 20287.6 0
30425.5 24828.1 0
12076.4 39747.9 0
15618.1 33204 0
21478.4 40274.7 0
21674.2 17032.9 0
38235.6 29704.8 0
3269.74 11142.7 0
2907.5 22771.5 0
22588 19043.8 0
17720.9 33283.2 0
5406.96 25796.6 0
32912.5 37574.1 0
8207.63 37735.3 0
22136.5 24671.8 0
26201.6 29585.4 0
34027.8 36982.4 0
17235 38111.3 0
22884 21764.6 0
15618.7 22803.2 0
17572.2 23709.3 0
23728.8 11517.9 0
5883.06 15349 0
30743.7 36581.4 0
8348.34 10315.9 0
27413.5 44235.2 0
23077 11359.9 0
41045 32577.5 0
34709.7 5252.32 0
25357 44744.4 0
22803 10548.5 0
20077.4 10111.6 0
18226.1 20493.5 0
15255.9 24507.1 0
16019.2 16602.6 0
32792.5 8141.35 0
30529.2 29275.9 0
17048.8 17688.3 0
27842.4 11979.2 0
17561.1 36856.3 0
10877.3 25468.5 0
25019.6 8394.92 0
10372 14488.8 0
23431.9 23356.3 0
41088.8 20630.5 0
19450 40600.9 0
27227.1 38037.2 0
19475.9 16169.5 0
25492.6 28512.4 0
13702.5 11672.8 0
17286.4 13503.3 0
31591.4 32899.7 0
4583.99 22183.6 0
28560.1 34698.1 0
27190.7 39320.4 0
24846.1 17874.6 0
28104.8 22359.2 0
21018.3 7473.07 0
3472.76 14950.8 0
27015.7 21601.3 0
8616.8 19601.7 0
14885.6 9285.1 0
8032.1 11772.4 0
22010.1 24872.2 0
14601.3 6963.82 0
17565 3301.44 0
1875.23 16356.7 0
25604.2 30028.7 0
15213.4 29943.7 0
23490 35008.2 0
20246 2281.57 0
23384.9 30050.1 0
19436.7 11247.2 0
16161.1 25169.6 0
20820.4 20695.5 0
29228.4 26379.2 0
36759.9 22165.3 0
33530.9 22393.9 0
12794.2 18745.7 0
18155.5 1954.3 0
26458.5 20632.6 0
22751 23954.9 0
28199.4 31483.7 0
7446.02 9272.81 0
9295.42 36338 0
12448.2 33629.7 0
5617.12 37412.1 0
24404.4 12161.2 0
13358.8 37391.6 0
34313.8 30809.8 0
24683.4 22241.7 0
31279.9 30926.5 0
4975.08 15619.3 0
11796.6 24685.7 0
33900.6 24781.4 0
16957.5 20865.4 0
8287.36 15439.7 0
26537.4 30771.6 0
17637.4 26043.5 0
38946.4 25911 0
24376.5 33666.2 0
5781.95 16963.5 0
21499.7 30783.8 0
14674.5 21333.8 0
15437.7 24729.2 0
36099.4 18101.7 0
21573 12715.9 0
23605.1 25462.1 0
19012.3 27051.4 0
23632.4 9499.47 0
22649.9 15476.8 0
15295.3 34934.2 0
3771.65 27975.4 0
44304 18759.5 0
17026.1 24910.8 0
38661.9 34564 0
15168.3 21590.2 0
6438.46 23585.2 0
18238.5 23479.2 0
29844 19864.7 0
28905.7 20181.6 0
9539.83 13409.6 0
28351.4 17209.5 0
15174.3 25622.3 0
37425 8949.75 0
23931.9 30005.6 0
22161.9 23784.9 0
3835.9 17980.9 0
28840.1 31443.8 0
23247.8 24595.7 0
27227.7 8354.61 0
33878.9 37221.8 0
33632.2 15447.9 0
30695.4 38458.9 0
13734.2 23905.6 0
29725.9 29817.4 0
14184.2 17290.9 0
24819.2 19619.7 0
28233.1 27042 0
33674.9 21620.4 0
20645.3 34251.3 0
16962.8 30435.2 0
34902.7 23055.6 0
18542.1 28651.5 0
12068.2 25921.9 0
27602.6 28937.4 0
29039.4 25684.2 0
29785.6 32595.8 0
29418.7 22522.9 0
18401.9 3562.45 0
14811.1 32814.6 0
32794.2 24286.4 0
26140.2 21492.6 0
15942 20970.6 0
12344.5 15772.6 0
24095.7 20436.6 0
6166.5 29127 0
16999.4 10647.2 0
33176.4 35810.3 0
18326.8 35794 0
16474.2 19703.5 0
28197 19429.3 0
25155.1 19234.3 0
20639.5 5878.62 0
36607.9 13626.4 0
18854.2 41069.3 0
14921.9 13116 0
10687 25573.9 0
20676 18007.5 0
15387.3 32483.3 0
19426.1 35870.5 0
23030.1 18153.6 0
13159.3 36740.3 0
18191.3 9163.81 0
23596.1 36480.9 0
11174.5 30118 0
25194.3 43246.2 0
34115.1 3269.9 0
22602.1 4060.15 0
25118.2 15324.5 0
23177.6 23297.2 0
33840.2 19557.3 0
19701.3 16801.2 0
3896.52 18197 0
31126.2 11494.7 0
24685.8 36376.7 0
25026.7 302.39 0
18306.1 44669.4 0
17858.8 38688.8 0
41949.5 33943.3 0
4171.02 21079.3 0
18085.5 14704.6 0
29575.1 32044.6 0
44242.6 25469.7 0
23744 17119.9 0
19885.5 20910.5 0
20225.5 30242.9 0
31350.2 32195.2 0
19850.5 15225.7 0
40434.5 34079.1 0
27347.9 20592.4 0
24566.4 32535.5 0
34372.3 26161.1 0
6441.37 22574.6 0
24373 44361.3 0
23552.4 27104 0
28747.9 32360.1 0
39949.2 33684.9 0
12967.8 37433.9 0
21893.3 32166.5 0
23710.8 14700.7 0
9429.72 36880.5 0
22690.4 19475.6 0
21020.5 28139.7 0
25810.2 18202.9 0
24219.1 21442.9 0
25503.1 33987 0
30003.3 28659 0
21735.3 16539.9 0
28626.5 20126.6 0
28414.3 42103.1 0
26659 12907.1 0
16190.6 34171.8 0
29018.1 8192.65 0
15200.6 25083.4 0
34698.7 22872.2 0
36981 31877 0
34385.7 23801.8 0
7893.08 7835.16 0
8432.84 10096.4 0
7228.1 28213.8 0
22294.6 26440.3 0
10380.2 25576.6 0
24462.6 37459.3 0
21614.5 22813.3 0
34763.2 35566.3 0
7968.23 6953.6 0
16101.5 16817.5 0
22473.4 29123.1 0
23244.8 16538.3 0
24505.3 36746.3 0
28697.5 31759.8 0
16974.9 2580.24 0
25993.5 21028.9 0
23949.3 22243.2 0
32572.1 23202.9 0
19342.2 16557.4 0
13975.5 24928.9 0
23354 21069.6 0
18178.6 44320.7 0
20746.2 21785.5 0
26400.2 26841.7 0
10902.4 37517 0
25664.9 22697.1 0
21596.9 14472.8 0
14986.3 27575.7 0
18561.8 15936.9 0
16645.7 21370.9 0
29817.7 1457.44 0
14916.3 10072.3 0
15346.8 14207.6 0
19224 2115.22 0
14705.2 20382.5 0
7280.22 27884.8 0
16547.1 14294.7 0
11139.9 29204.4 0
10517.8 36711.7 0
11424.4 33712.5 0
17305.5 9886.65 0
32726.3 29741.9 0
23189.1 35431.8 0
26385.5 30321.9 0
21800.6 33679.3 0
8951.61 19039.2 0
28429.3 41288.4 0
29329.6 40728.2 0
13943.6 17849.7 0
14016.6 26631.6 0
17055.6 10037.5 0
25059.4 42786.8 0
16018.2 20255.1 0
34066.7 8213.16 0
25412.9 14051.9 0
20097.9 23576.8 0
36093.1 33959.3 0
21968.1 21710.6 0
12165.1 38580 0
39767.7 10884.1 0
21074.2 29965.5 0
10787.2 40903.9 0
25584 21395.1 0
40168.6 27815.6 0
2348.21 25218 0
22086.4 24003.5 0
18430.5 25621.5 0
18717.1 27168.5 0
25670 8313.27 0
15254.9 3120.13 0
19785.1 35768.3 0
29532.7 11893.7 0
3222.11 18813.4 0
14340.1 38392.8 0
30643 24897.1 0
13188.2 15367.3 0
26064.2 12922.7 0
23640.4 26163 0
18451.2 655.027 0
25160.1 16327.9 0
25555.9 38262.9 0
23139.6 40685.8 0
33394.4 15568 0
4666.24 10632.9 0
26754.9 21021.5 0
16798.2 25245.5 0
9027.46 23832.7 0
28690.2 36861.1 0
24983.9 2263.82 0
16755.7 10801 0
30772.1 27556.9 0
25089.8 38905.9 0
24851.3 20575.6 0
18977.6 32774.1 0
16938 11128.2 0
20180.5 23065.4 0
26543.7 16218 0
36795.1 24455.2 0
36848 15920.6 0
23190.6 25575.3 0
24685.2 16031.4 0
9825.45 17373.5 0
16805.5 7368.86 0
25150.9 9778.03 0
23746.4 21038.6 0
42453.1 30095.1 0
14298.7 36941.7 0
4523.43 21759.5 0
26967.7 15901.8 0
14322.3 3218.31 0
18264.4 7206.34 0
9478.68 16612.4 0
7916.07 32544.2 0
23241.6 17996.9 0
28951.7 26613.1 0
27764.6 10443.2 0
14032.7 30180.3 0
21305.2 26089.9 0
25662.7 24396.5 0
32421.5 12999.9 0
10389.7 33331.8 0
32435.5 20199.6 0
10616.7 31011.4 0
20763 24227 0
9402.18 39477.6 0
22118.1 5418.92 0
40733.2 18490.6 0
18943.7 38274.1 0
15674.4 27321.1 0
32929.5 12017.3 0
643.178 20693.7 0
23138.2 31371.1 0
32009 30490.7 0
26078.9 32236.9 0
13621.6 13968.4 0
38895.6 18971.8 0
30544.9 25392.3 0
30179.3 21556 0
17334 1478.78 0
27496.9 23772.5 0
28366.2 20181.1 0
13777.2 14742 0
35979.5 13122.2 0
42643.7 31656.2 0
22935.1 28473.8 0
4846.02 30589.1 0
5582.16 35420.7 0
28923.1 14616 0
14656.5 39702.5 0
24750.4 33698.1 0
21583.8 15669.1 0
15010.3 20869 0
27339.4 13923.1 0
40897 31208.7 0
16562.9 26167.3 0
32787.3 38705 0
32872.1 41937.7 0
18925 14262.8 0
34973 30915 0
11556.3 21295.8 0
15915.9 17312.9 0
42087.9 15154.1 0
26491.9 38650.2 0
17702.7 30992.5 0
23948.7 38400.8 0
14362.2 2428.72 0
27597 22980.3 0
15915 40398.4 0
22474.2 20873.2 0
14744.2 3789.95 0
39655.2 13395.4 0
32149.7 12815.9 0
21032.1 44356 0
20541.6 40041.9 0
3476.11 27592.5 0
25128.7 14690.5 0
24560.6 24823.2 0
28312.4 13210.4 0
12838.5 39117.1 0
18980.8 8543.73 0
19678.3 14702.3 0
32323.9 23698.5 0
7536.88 27820.9 0
18267.6 29674.7 0
40960.3 19522.9 0
11239.7 13712.7 0
35298.4 34084.9 0
42664.7 27510.7 0
42421.1 29080.1 0
3293.11 17075 0
5665.04 32940.6 0
10422.9 23038.1 0
36890.9 6909.82 0
22738.9 27179.9 0
16017.2 39609 0
17089.7 25820.2 0
13726.1 12527.8 0
24390.9 36931.6 0
28622 22620.7 0
19849 21517.4 0
43497 30102.3 0
15236.8 17919.3 0
33293.6 16947.5 0
22147.8 15075.5 0
26289.9 3670.69 0
22721.7 30230.5 0
38007.8 20870.5 0
17941.1 13630.4 0
10422.6 22188.3 0
29571.5 18890.4 0
30841.5 39779.8 0
26040 19586.7 0
36693.2 23770.4 0
12894.5 15432.9 0
17056.5 26063.8 0
21309.4 24970.5 0
28892.7 4895.05 0
16603.1 13347.8 0
34324.7 16729.5 0
23804.6 20537.7 0
7872.23 29720 0
11149.6 37796.2 0
19772.5 23856.9 0
23297.3 22537.8 0
11757.4 36806.1 0
38506.1 16029.1 0
1659.11 21983.3 0
19352.1 24512.5 0
35491.4 20498 0
13405.8 24705.2 0
25209.4 23969.3 0
26569.7 13561.3 0
8552.62 6682.2 0
10964.9 20393.1 0
28378.1 12205.4 0
42804.1 15036.5 0
9538.83 28962.8 0
5998.45 20476.9 0
16027.8 3927.58 0
17202.5 35628 0
23242.9 15443.7 0
13410.1 16256.1 0
24696.5 24436.5 0
30078.2 23320.4 0
27674.9 31633.3 0
23062.7 9291.99 0
26702.9 22679.1 0
23918.4 34321.7 0
41128.7 12863.9 0
5910.52 34734.9 0
7601.21 28391.8 0
3049.69 17596.3 0
27227.9 17510.3 0
9938.21 35645.4 0
35245.4 16711.4 0
28054.6 11161.2 0
20851.5 298.321 0
31131.8 23756.3 0
23489.4 22402.5 0
4286.01 14552 0
37313 38604.8 0
26450 10242.2 0
19187 15723.2 0
10552.3 25246.4 0
13085.2 10655.9 0
16779 23289.7 0
13284.6 22444.7 0
27803.4 17480.9 0
36237.5 20159.5 0
13893.7 43259.8 0
25595.2 887.634 0
9693.48 32964.8 0
32550.6 41735.3 0
17481.2 17921.6 0
22792.7 14831.3 0
28046.7 29674.1 0
12975.4 28417.1 0
41788.1 30112.3 0
40362.6 11151.7 0
24013.7 42407.6 0
10775.3 18580.4 0
31382.4 13826.4 0
34499.5 14122.5 0
15988.8 21733.5 0
11087.4 33209.6 0
22356.7 45107.8 0
26505.2 22540.5 0
5523.87 32618.5 0
26493.6 42953.7 0
34072.2 13672.8 0
21952.9 19614.2 0
28158.6 10552.2 0
29862.7 24900.8 0
29691.6 15968.7 0
35692.5 22688.1 0
11728.1 34746.1 0
12252.4 22376.6 0
16350.3 22977.5 0
33213 10234.5 0
12542 9087.28 0
31430.5 35130.4 0
31959.9 13407.7 0
10035.7 28887.6 0
22581.2 16541.1 0
24853.6 33442.8 0
43586.1 28031.6 0
39651.8 11330.1 0
5038.99 20893.9 0
6799.03 14382.7 0
31117.5 39531.8 0
25569.8 43249.8 0
26914.4 26110 0
24708.8 23148.6 0
25443.2 17473.8 0
5996.02 11942.8 0
23786.8 29306.4 0
13298.7 22235.8 0
31853.8 42866.2 0
22613.2 22194.9 0
9000.73 16140.6 0
37229.9 14289.2 0
19292.7 22423.6 0
16039.2 10298.8 0
9908.82 32549.7 0
21430.3 17606.8 0
29352.9 21429.1 0
26164.3 25105.4 0
12020 14027.2 0
21055.4 20485.6 0
25549.8 25775.1 0
36014.6 11576 0
12713.9 42366 0
38928.2 10765.2 0
11257.4 7956.8 0
20379.2 19921.6 0
29433.5 20987 0
23477.3 14546.2 0
25582.3 30963.8 0
18709.5 41246.5 0
31512.2 11224.1 0
3286.05 23920.7 0
30667.2 19764.6 0
15007.5 31737.4 0
12330.6 37559.4 0
38086.7 36529.6 0
20959.3 19766.1 0
25290.8 25998.5 0
29503.9 19374.7 0
23471.4 24603.9 0
20989.9 114.398 0
34872.7 13180.1 0
14119.1 30788.8 0
38574.3 18057 0
40645.7 13367.3 0
26312 15085.8 0
24643.2 27349 0
17204 17465 0
11458 28221.9 0
24508.4 3485.56 0
27263.4 26613.7 0
37359.9 10283 0
8328.34 19117 0
20399.6 20661.3 0
5836.46 13156.8 0
30519.6 7209.13 0
31360.1 27515.8 0
32048.5 28958.9 0
5442.41 20281 0
33501.5 25392.5 0
15545.9 23171.5 0
35598.4 19353.5 0
14774.1 21667.2 0
6874.43 24996.9 0
9173.68 40308.7 0
31648 19048.6 0
29994.2 15240.6 0
26967 25622.6 0
13548.5 15376.2 0
24483.2 20483.4 0
22163.2 30101.8 0
1784.29 19410.4 0
30550.1 9382.81 0
24241.6 26504.5 0
20961.5 20980.2 0
18181.6 21685.6 0
38767 25396.1 0
37393.4 19352.8 0
29250.8 20199 0
40680.1 25644.7 0
12104.8 10787.2 0
23239.8 26078.7 0
32565.3 7111.3 0
22849 34059.1 0
42008.2 25342.7 0
16555.1 17630.5 0
6457.74 12761.5 0
21996.9 29189.5 0
22298.3 11657.8 0
14456.3 25039.2 0
16135.7 20911.4 0
28952.2 39122 0
21032.3 25373.3 0
22259.3 27746.7 0
9889.37 27977.8 0
41133.9 26172.7 0
21621.3 11698.4 0
34689.9 27589 0
10685.3 11521.5 0
27173.5 11076.2 0
21042.9 30670.9 0
33877.2 4543.06 0
33917.3 5314.59 0
41270.5 21034.3 0
21530 21118.5 0
35850.4 30326.1 0
38621.4 13348.7 0
40044.2 34704.1 0
14811 36035.1 0
35177.5 28244 0
24780.1 35035.9 0
33525.9 20925.6 0
35908.3 17822.2 0
28860.2 13913.5 0
6797.64 8154.81 0
19556.5 24298.7 0
39287.6 35667.5 0
14504.2 43252.7 0
8528.59 26177.5 0
16995 12054.1 0
22043.6 38953.7 0
12737.9 18171.8 0
18141.2 40963.2 0
5219.76 18302.4 0
33669.1 19150.5 0
18445.5 42411.6 0
34632.6 37555.2 0
41838.8 12796.5 0
21338.1 14941.7 0
36905.6 34632.3 0
20586.1 31847.8 0
29143.1 7132.58 0
32703.3 26789.1 0
26924.2 40961.6 0
25721.5 11720.2 0
18853.6 36256.2 0
30066 11983.5 0
531.352 18853.4 0
13363.2 27088.8 0
6419.78 28795.9 0
23486.2 30792.6 0
19100.7 1253.75 0
17763.1 4330.85 0
27753.6 778.337 0
22043 36127 0
18138.3 17423.5 0
28005.9 14479 0
30794.7 33700.5 0
20851 21259.7 0
27874.5 16356.8 0
11307 29539.8 0
34167.5 32569.5 0
40509.8 22303.8 0
35580.3 31522.4 0
41079.5 30774.9 0
26064.8 41008.7 0
30878.5 22087.8 0
8568.66 27596.1 0
34149 30309.1 0
11447 20019.1 0
28047.3 41061.4 0
12649.7 12484.9 0
16763.7 18949.9 0
12804.3 24866.5 0
34227.3 17744.1 0
14646.5 24792.7 0
27743.8 13902.9 0
36342.2 33441.2 0
13252.6 39622.5 0
31681.1 19700.6 0
11670.7 24057.2 0
36458.4 15911.8 0
20083 28933.2 0
42172 18936.9 0
13490.8 39600.6 0
30712.3 9165.42 0
32828.1 14795.4 0
27014.2 17477.4 0
25972 8124.29 0
24318.4 29908.5 0
12153.7 27334.1 0
31189.9 19707.4 0
7421.98 34943.7 0
19281.4 4132.43 0
17938.5 19270.5 0
22729.8 29015.4 0
31271.1 19331.2 0
24422.5 25561.9 0
22220.4 9180.18 0
14463.8 9141.54 0
5168.26 15477.4 0
11170.4 4019.86 0
36587 6597.07 0
25740.5 22423.3 0
1735.35 17529.1 0
24058.4 38908.5 0
24207.8 18879.4 0
36794.3 39451.3 0
12414.2 39751.6 0
2284.58 12750.4 0
11314.9 16442.9 0
25572.7 23607.9 0
7462.02 33507.9 0
21312.3 23212.9 0
40251.4 23034.6 0
4562.8 32580.9 0
24943.8 5580.82 0
11022.3 23503.2 0
10816.4 23188.9 0
13777 13084.2 0
10643 31294.9 0
30892.4 21217.3 0
27359.9 36175.2 0
5112.33 35366.1 0
42342.8 19545.9 0
876.561 20911.5 0
27098.3 23352.2 0
23858.3 14956.5 0
21094.4 18874.6 0
40243.7 22219.5 0
18371.3 11836.8 0
21317.3 1094.55 0
19435 22987.6 0
31306.3 17190.6 0
31126.6 24005.4 0
13552.6 14414 0
14698.9 19402.5 0
7395.54 22131.3 0
28770.6 23919.1 0
38831.4 24068.3 0
3985.74 21733.4 0
23455.4 17435.7 0
11362.2 34376.2 0
20376.2 13873 0
32003.6 18549.8 0
14818.7 14464.8 0
24019.4 19937.3 0
32032.9 39625 0
19000.6 24694.1 0
5831.66 12218.3 0
3225.79 24537.4 0
3686.28 33816.4 0
21690.4 18330.1 0
10272.5 26751.1 0
22612.8 26144.4 0
30438 21209.5 0
10620.4 30628 0
7622.58 22283.5 0
1525.75 17963.5 0
32337.1 28934.5 0
11297.6 8191.44 0
17625.2 4059.82 0
10848.5 28601 0
36427.3 14464.2 0
19797.3 25011.9 0
18034.1 42087.2 0
30629.9 21504.3 0
26304.4 22560.4 0
14607 15218.8 0
15194.5 22932.1 0
13675.3 39007.8 0
5661.33 24339.5 0
7221.79 31999.2 0
27198.6 28973.5 0
32114 29195.1 0
27942.1 32012.2 0
18128.2 13334.1 0
14700.4 22605.8 0
12320.9 21651.3 0
25759.5 26355.4 0
29436.3 10101.4 0
39318.7 12274.1 0
24287.1 32056.3 0
37054 17069.5 0
26861.6 9228.61 0
32734 32820.4 0
346.087 20092.6 0
6807.73 28062.3 0
12832.3 31490.2 0
27196.2 21349.9 0
24997.1 33717.5 0
12064.1 33593.3 0
16330.6 21147.1 0
12731.6 36822.8 0
36786.9 31036 0
3636.5 16199 0
13047.9 34953.6 0
32779.4 26179.2 0
16208.6 33795 0
6099.18 10023.3 0
28057.3 44120.5 0
18745.9 22507.8 0
27808.2 37908.4 0
18572.7 20549.6 0
20342 14624.3 0
39042.9 29498.5 0
16759.7 38012.5 0
35739.9 16683.9 0
19592.2 31182.4 0
38330.7 35608.3 0
19441.1 29085.1 0
37042.5 10905.5 0
20548.2 22698.8 0
11083.4 4862.34 0
14400.8 30697.2 0
37649.1 7336.05 0
19223.3 9895.65 0
15611.7 38548.6 0
16051.8 29270.5 0
33109.5 10967 0
26063.1 4842.76 0
25398.5 32175.8 0
24336.5 2730.18 0
19222.2 27217.4 0
42375.1 19069.7 0
10160.8 29538.8 0
30842.3 6676.86 0
32552.8 34827 0
11964.3 12297.5 0
20372.8 15199.9 0
15486.6 19299 0
10026.1 23986.8 0
26401 18545 0
17922.1 24346.8 0
38397.5 35952.1 0
42914 28418.8 0
2641.66 12540.5 0
19481.3 17102.2 0
18559.5 29958.5 0
23435.7 11990.3 0
16224.6 26549.5 0
34584.2 12770.2 0
5866.89 16234.4 0
28445.8 20950.6 0
35880.9 20650.3 0
21603.2 20772 0
14022.4 31848.2 0
25298.3 23075.7 0
30527 23366.8 0
18764.6 13404.6 0
25249.1 13141 0
23993.7 31847.7 0
19267.1 19391.5 0
30404.1 23162.5 0
25084.8 34218.4 0
5634.98 11862 0
25715.2 44616.6 0
38883.1 15652.3 0
24003.4 36567 0
36986.3 28053.4 0
17912.1 26959.2 0
13260.1 35407 0
9038.18 6241.26 0
23635.4 4142.34 0
22956.8 14369.5 0
4815.59 17312 0
39546.1 16504 0
38597.3 10782.7 0
4321.77 21972.5 0
29330.3 33325.2 0
15307.2 20610.5 0
16812.9 3283.62 0
30127.8 24302.3 0
4612.45 29146.8 0
41202.3 31779.7 0
36976.8 26078.3 0
34129.2 26644.3 0
39554.7 35963.5 0
23236.6 1072.95 0
16206.2 20466.7 0
21274.7 28166.2 0
25302.4 29300.5 0
15758.5 16905.8 0
12022.6 13506.8 0
12617.1 20200 0
15193.3 33684.5 0
40827.3 22160.5 0
23990.1 9993.8 0
29324.7 25031.3 0
27392.7 16550.5 0
32036.5 22834.2 0
36013.1 23858.5 0
16411.2 9796.91 0
15902.7 38169.3 0
8370.32 18256 0
15809.3 32799.9 0
19285.4 23262.7 0
19350.2 18359.7 0
18569.4 7243.77 0
10486.6 18353.9 0
10470.3 12154.1 0
16179.7 36281.3 0
18065.4 28325 0
29631 27057 0
37891.5 14440.2 0
29637.3 16624.9 0
27707.6 21613.6 0
12699.6 31797.5 0
20979.1 27407.2 0
18270.8 16102.1 0
18914.6 27437.8 0
36497.9 27218.8 0
30505.8 19929.6 0
19596.9 28765.7 0
19397.8 13844.9 0
16279.7 10146.1 0
29060.7 36334.7 0
37028 21457.6 0
1934.48 29069.4 0
28986.4 16091.6 0
18001.5 26055.6 0
13785.9 10913.6 0
20521.4 38197.9 0
5531.76 19955.3 0
19106.8 25792.3 0
24702.2 20409.3 0
22349.9 42018 0
25262 6928.54 0
28871.4 9286.08 0
26389.5 25618.9 0
11388.8 29348.4 0
24340.6 34214.4 0
1134.14 27282.6 0
16940.9 27773 0
33745.7 31461.3 0
28543.5 41604 0
12810 20350.1 0
14790.8 2186.97 0
39522 35441 0
29892.3 23824.7 0
25376 18834.1 0
33227.3 40868 0
27935.6 33689.8 0
21435.8 28908.1 0
27164 32369 0
6656.65 22385.7 0
29567.1 31793.5 0
20828 41414.6 0
14329.6 23621 0
20753.8 17289.2 0
2936.72 28360.9 0
2452.41 16800.2 0
34731.4 33014.4 0
31555.2 12498.2 0
3693.64 30488.9 0
17631.3 22610 0
6982.05 25943.1 0
22035.3 1803.6 0
32005.9 9160.76 0
38665.3 22654.2 0
28366.6 23222.4 0
30934.3 12074.8 0
18992.2 12326.8 0
14623.3 34922.2 0
8506.49 11522 0
5280.15 36798.6 0
7645.46 11352.8 0
29339.9 24575.9 0
19193.9 33617.2 0
9550.03 28463 0
19404.9 28036.7 0
17767.9 28388.3 0
31082.5 22207.3 0
6553.36 11991.2 0
19121.1 28740.1 0
42243.4 14819.7 0
31551.8 29588.6 0
13156.2 28625.8 0
18599.2 30591.1 0
20247.2 13612.5 0
34630.2 11370.9 0
15804.5 24625 0
11040.4 36062.8 0
8983.09 13560 0
35603 32025.6 0
21064.6 23197.2 0
39894.1 22902.5 0
6557 36600 0
43846.8 20825.5 0
27502.1 27530 0
19610.5 27056.8 0
15018.9 12431.6 0
30574.7 15734.5 0
43181.2 29682.5 0
20629.9 11686.2 0
38453.3 26487.4 0
11911.5 3637.39 0
40617.5 31978.7 0
24727.4 31466.9 0
3861.07 29954.1 0
20644.1 23085.5 0
17408.8 24200.8 0
21272.7 23724.9 0
24003.1 17103.9 0
38941.9 32288.1 0
26360.7 40385.2 0
9498.46 19882.9 0
16700.6 35525.3 0
13977.5 22778.4 0
30462.5 8671.28 0
23966.4 16582 0
10213.9 23778 0
8706.13 36420.7 0
19952.8 19886.8 0
34374.5 33474.5 0
30120.7 23029.7 0
22404.5 33585.3 0
30990.1 12844.1 0
28535.5 28070.3 0
43006.2 16036.5 0
37715.3 29453.5 0
25095.9 37413.1 0
35658.2 21080.2 0
21996.8 32786.6 0
27979.3 832.405 0
16037.2 17034.5 0
34424.1 25950.1 0
18592.3 17182.8 0
33858.9 25062.1 0
24879.4 19998.2 0
35371.4 9288.66 0
15927.2 26319.8 0
27788.9 8208.67 0
34907.4 18180 0
20905.9 35038.8 0
29455.4 20780.6 0
33477.2 30903.7 0
16776.8 44213.5 0
20029.2 31125.3 0
40082.2 14711.7 0
11709.2 31867.4 0
28410.9 15973.1 0
21090 11752 0
24142.4 2177.72 0
23175.9 23010.8 0
15126.5 32992.3 0
17706.2 5438.51 0
1684.13 30977.5 0
21881.9 44511.3 0
22554.7 19851.1 0
16268.1 29872.9 0
20865 23741.7 0
10951.5 12768.4 0
20487.2 38494.6 0
18120.7 6602.45 0
19388 31968.8 0
23934.8 32745.8 0
25878 30932 0
24599.3 24058.2 0
26497.9 35576.7 0
35082.4 9094.34 0
27300.3 17785.4 0
26429.7 23502.3 0
31360.7 42531.7 0
18298.7 22330.2 0
38178.6 20322.5 0
9076.27 14234.4 0
10786 35760.5 0
19665.6 34352.4 0
9886.14 39427.8 0
16749.5 41537.1 0
10679 39457.8 0
34545.9 23229 0
31176.8 14672.2 0
19058.4 3498.95 0
24025.7 29389.1 0
37600.9 13518 0
28079.9 23569.4 0
26193.6 16399.7 0
25071 11708 0
6867.22 30117.5 0
27938.1 27038.3 0
32444.7 2467.97 0
28293 11714.6 0
23155.4 21774.5 0
28183.4 15119.9 0
21993.7 16629.7 0
37533.2 26598.3 0
38323.8 10610.5 0
15163 30425 0
30391.5 6323.41 0
22522.9 41509.5 0
32388.5 24736.7 0
22799 15627.8 0
31108.9 32562.2 0
35845.4 4628.3 0
11422.6 11237.4 0
15908.8 27260.6 0
22211.6 2122.52 0
35414.6 11511.8 0
17644.3 19493.8 0
23759.4 31749.3 0
14378.1 26465.9 0
10062 25249.9 0
29705 21868.8 0
9619.67 17840.5 0
43980.8 25548.8 0
44571.8 18621.2 0
44561.3 25129.3 0
39846.8 22680.6 0
37784.2 9528.92 0
11883.1 21440.5 0
32877.8 35881.9 0
5978.42 34275.5 0
40460.8 29446.6 0
11288.4 26178.6 0
34617.4 4240.53 0
41272.1 28121.2 0
35703.9 5671.18 0
41889.9 22427.9 0
18087.9 3078.81 0
9565.76 37855.7 0
28117 21758.3 0
26426.5 25035.3 0
14251.8 29950 0
9871.58 4123.01 0
11862.1 27823.4 0
32876.5 25363.2 0
5400.76 36225 0
16974.8 22884.5 0
32268.4 17267 0
33912 31303.2 0
8946.5 36029.5 0
33600.4 10088.1 0
21123.6 3616.75 0
21124.7 25575.5 0
31334.1 39951.4 0
15791.6 40023.2 0
36318.2 4820.6 0
27720.4 18821.9 0
1533.54 19468.8 0
23292.4 1901.11 0
27342.2 19709.7 0
28144 27647 0
33959.5 6980.75 0
16663.6 28904.3 0
32892.2 11265.9 0
26276.5 38450.5 0
26997.9 22707 0
38697 28438.4 0
39187.7 36804.3 0
28818.6 22848.9 0
28180.6 6753.57 0
31818 10783.5 0
10129.2 12597.4 0
5005.84 20425.9 0
39517.8 23153.4 0
30003.8 25149.1 0
4933.53 26830.7 0
32902.4 17113.7 0
9706.59 23578.1 0
14844.7 40347.8 0
31715.9 20008.9 0
23199.9 44270.5 0
18958.3 28501.9 0
13917.6 20924.5 0
23079 44701.8 0
30688.8 34310.5 0
27150.5 24808.9 0
13348.8 21968.1 0
23882.8 18476.7 0
8514.1 37726.6 0
43071.2 16630.5 0
32115.4 27061.4 0
13054.5 28024.3 0
4750.49 26313.3 0
9797.86 28326.4 0
17458.8 24612 0
21244 11520.6 0
16915.9 39795.3 0
19033.6 4614.59 0
37853.9 15167.6 0
19032.1 2947.64 0
15952.3 2877.41 0
37390.8 13567.6 0
16884.2 27389.7 0
22293.9 32485.1 0
22786.1 32185.2 0
32041.7 42315.8 0
37036.1 8381.52 0
15176.9 33204.8 0
30301.8 4217.4 0
22420.5 28134.8 0
25318.9 31944.3 0
22940.8 24360.4 0
11600.1 42257 0
32263.2 27565.9 0
19509.4 31596.2 0
10376.9 25095.7 0
28691.9 24207.8 0
18470.3 24369 0
12641.2 36446.3 0
20756 25103.6 0
20969.8 35529.4 0
15297 19937.6 0
10067.9 33150.3 0
42876.9 22291.6 0
15802.3 22458.1 0
17015 33917.3 0
4821.78 20884.3 0
32168.7 30670.5 0
33682.6 27867.1 0
22866.9 13102.4 0
40924.5 25966.6 0
23837 26929.6 0
21017.6 27204.5 0
6298.77 12126.7 0
1986.92 14532.4 0
15044.7 18288.5 0
35659.3 22420.8 0
20204.9 33619.5 0
32533.6 13204.4 0
30842.2 25884.2 0
19484.3 24934.4 0
19369.7 6941.91 0
26284.9 13263.6 0
11032.3 7534.79 0
20016.8 41597 0
35063.4 25855 0
35565.1 28426.8 0
9804.72 28658.7 0
17007.6 18960.9 0
8118.51 20276.7 0
36276.9 31538 0
26283.8 29879 0
35943.6 16876 0
27320.2 15836.9 0
21220.2 32829 0
18997.4 20760 0
12625.6 26527 0
18584.9 28215.8 0
24481.2 7104.72 0
31076.2 31025.5 0
22654.1 7909.07 0
30567.2 39531.4 0
28680.9 21992.5 0
13372.1 31610.5 0
19671.1 16121.9 0
14446 37426.5 0
18585.5 42581 0
37186 15425.4 0
15644.2 7948.56 0
28707 4168.58 0
5617.62 17313.6 0
38911.8 16863.6 0
23086.6 29835.9 0
27325.1 24635.1 0
14992.2 17875.1 0
42039.1 20133.5 0
16351.2 42090.3 0
9682.89 14338 0
28240.3 35299.8 0
23950.3 11253.8 0
16413.8 29589.1 0
15598.2 31329.4 0
15765 21769.1 0
21155.7 39598.5 0
13050 12881.9 0
36112.1 9334.92 0
13948.6 28558.6 0
17196.6 42742.3 0
17550.2 17624.2 0
11880.2 19755.4 0
37700.8 8835.97 0
20347.8 43961.3 0
26974.8 6310.96 0
37147.5 38071.9 0
34309.2 9773.48 0
29930.9 16929.9 0
22333.7 43168.7 0
30888.3 10394.3 0
2658.91 26722.3 0
21756.7 16770.2 0
18692.3 39678.9 0
19069.2 41301.8 0
23621.9 25726.3 0
17789.9 18379.6 0
23951.6 8552.26 0
6476.28 18760.1 0
13180.9 5274.07 0
38710.9 37979.3 0
10996.4 32629.2 0
16619.9 19266 0
26478.5 25917.9 0
16742.1 15725.6 0
43252 23298.5 0
40324.9 30210.2 0
19217.3 42911.9 0
6292.09 20020.3 0
19552.9 28439.8 0
26041.6 26474.8 0
35160.3 39627.5 0
19877.1 26564.1 0
26725.3 8656.05 0
6898.71 16702.2 0
18574.6 9113.57 0
34864.9 15228.2 0
33115.1 18058.7 0
24011.4 21924.6 0
21670.9 8372.9 0
27557 41994.2 0
11243.3 17253.9 0
29409.3 42621.2 0
6802.32 29011.3 0
17280.9 11285.5 0
20643.7 36608.1 0
37166.1 39053.4 0
22581.2 35729.7 0
26832.8 43371.6 0
31853 23214.2 0
23544.7 17675.5 0
20061.6 30086.8 0
18080.9 1072.19 0
20644 25502.6 0
23412.9 32294.3 0
13120.3 16078 0
37871.6 28693.3 0
18269.5 32730.6 0
10725.1 24471.5 0
19563.7 23981.5 0
18479.1 13492.6 0
21497 34536.1 0
10989 29868.2 0
16421.5 16094 0
25878.1 16378.2 0
8545.47 36909 0
41251.6 27549.3 0
25082.7 30177.6 0
13957.6 35101.9 0
35819 11126 0
41970.7 26685.4 0
23618.9 41687.1 0
10543.3 33724.6 0
23753.3 23573.8 0
9798.41 25468.3 0
17386.9 18472.6 0
39713.6 8610.29 0
31364.1 41690.9 0
27009.2 15216.4 0
41640.6 17423.4 0
33150.6 26289.7 0
41885.5 32476.9 0
12504.4 19829.1 0
18376.6 27245.2 0
27050.5 14250.6 0
11674.4 15307.6 0
14012.6 34410.8 0
42037.2 32825.3 0
25137.5 22270.2 0
11112.7 14573.1 0
42933 29543.4 0
13708.5 25860.5 0
24679.3 41357 0
36587.9 29485.9 0
17917.2 42376.8 0
33110.5 31451.7 0
29191.3 11769.9 0
29046.7 25046 0
32260 21535.4 0
6256.82 22363.7 0
3569.49 19932.4 0
16576.8 27392.9 0
2344.55 13380.6 0
34824.1 30184.6 0
25853.4 22172.5 0
20651.2 23368.7 0
16657.6 29980.5 0
627.33 19240.3 0
9830.73 21391.7 0
19832.8 436.85 0
34850.4 22155.2 0
11241.2 16834.3 0
14798.3 21145.3 0
17384.4 35498.8 0
29134.4 22130.7 0
24418.7 1519.84 0
26597.6 20488.3 0
28816 23690.3 0
22286.5 25616.8 0
28329.4 27912.9 0
2833.15 28993.2 0
9806.22 38832.2 0
29537.2 17777.6 0
13927.1 40919.6 0
23158.6 39980.3 0
39808.2 29855.5 0
33272.8 42122.2 0
20802.8 37161.4 0
27099 3467.14 0
26512.7 18957 0
23886.7 17362.7 0
11571.7 32080.4 0
29207.2 20685.5 0
23004.1 4891.59 0
20050.3 19158.1 0
43442 23493.3 0
28472.5 32383.6 0
26513.2 12284.5 0
32095.7 27340 0
15050.9 10723 0
33753.6 34733.2 0
24173.3 26188.4 0
26276.6 25312.3 0
18328.2 5123.07 0
22695.1 16320.7 0
42515.6 21348.8 0
25839.3 11983.6 0
34672.8 8590.86 0
17083.1 23132.1 0
19437.4 21721.7 0
30848.9 43502.5 0
18793.2 15028 0
28082.2 33080.2 0
16870.4 20134.6 0
21045.9 10216.9 0
12889.6 20101.7 0
21114.2 15098.1 0
30385.8 7930.77 0
22317.1 35507.6 0
18502.3 25811.1 0
9019.24 38739 0
18966.5 26208.5 0
31773.8 13772.7 0
24563.9 34927.1 0
30864.2 19148.7 0
32468.2 28075.3 0
13962.6 6406.95 0
27081.2 24142.8 0
22350 31599.8 0
613.695 21906.7 0
21361.3 7194.07 0
7935.64 30777.8 0
30227.4 13324.4 0
5568.9 26170.3 0
27536.1 18965.6 0
42588.1 32015.6 0
25079.6 6004.98 0
27466.1 4549.22 0
44191.2 25206.5 0
10148.1 20125.8 0
22267.5 37685.2 0
14933.1 35585.2 0
36317.9 11488.8 0
10716.2 22706.9 0
20866 37988.7 0
17667.2 40477.9 0
21099 41091.7 0
13901.8 30337.8 0
11756.7 11192.8 0
25020.2 44171.8 0
20728.2 24678.5 0
22348.8 14035.7 0
19896.1 26231.6 0
17520.5 41036.6 0
26081.4 19061.2 0
25544.6 35978.6 0
3233.87 16661 0
10340.9 37045.4 0
19805.8 8754.14 0
21369.2 20595.4 0
24819.8 25288.6 0
26653.6 39434.2 0
28555.1 14528.2 0
22031.7 17723.4 0
5360.96 11008.5 0
13970.3 4500.34 0
23538.1 13469.7 0
40451.6 31579.7 0
5309.74 35267.2 0
33394 31225.4 0
8772.18 17286.8 0
1851.35 21256.7 0
17410.9 22754.1 0
15054.5 36051.1 0
17780.9 33850.2 0
13337.6 31051.3 0
11216 3696.11 0
14927 23825.5 0
23313.6 12566.8 0
2072.11 22495.8 0
4447.94 17691.9 0
30658.8 23663.9 0
40088.3 12547.8 0
16168.3 28654.5 0
7570.2 6128.43 0
30054.5 38014.4 0
23537.6 23648.8 0
42770.7 22101.7 0
2589.89 21468.5 0
20578 37509.3 0
26131.4 4571.81 0
14143.9 22599.6 0
8998.42 30208 0
25446.8 24476.2 0
12303.9 19705.6 0
5629.48 17713.6 0
24687 2554.9 0
41333.3 14773.2 0
42842.4 16830.8 0
25549.6 12509.5 0
43108.3 23149.7 0
22130.2 27971.9 0
20750.2 24008.1 0
32548.5 3906.48 0
31662.8 14397.6 0
33609.3 32235.3 0
14217.8 19812.7 0
33664.3 8162.77 0
20974.5 26603.3 0
39514.1 9769.12 0
15788.1 39331.5 0
38894 30449.3 0
38567.6 21860.6 0
19046.9 17883.6 0
11369.7 35614.7 0
29627.4 39163.3 0
20478 20949.3 0
22945.6 23893.6 0
17937.8 33403.5 0
24395.5 38499.5 0
36297.5 36892.5 0
10012.4 7174.43 0
20163 32545.2 0
16790.3 31560.2 0
3262.07 20855.3 0
20952.7 39343.3 0
17889.2 28169.2 0
18780.3 37064.9 0
8792.5 26747.9 0
17906 8527.47 0
31631.3 20407.7 0
4267.47 12144.3 0
6292.76 11583.4 0
14525.8 34617.1 0
7171.07 10696.7 0
3429.29 18531 0
23685 17451.1 0
995.859 19534.4 0
21502.6 33460.9 0
9139.88 15603.9 0
16849 18219.5 0
44582.5 26564.6 0
22372.2 30966.1 0
17476.7 16910.4 0
22947.1 25570.3 0
15201.6 5234.56 0
30649.4 22343.5 0
21074.1 10904.6 0
17966.6 26486 0
24390 39630.6 0
11670.8 31024.7 0
25306.2 823.978 0
20378.8 33493.9 0
36270.9 37095.1 0
23925.9 19265.2 0
11273.7 20378 0
8492.91 32387.8 0
10631.6 14456.3 0
33769.8 40340.1 0
12020.5 16100.6 0
33168.7 6496.01 0
35894.6 26256.5 0
25860 16027.7 0
27801.9 42627.1 0
36999.8 21151.7 0
15351.6 17628.3 0
37665.7 8187.58 0
35140.3 6320.58 0
32162.7 15492.4 0
7102.96 27777.9 0
30098.1 12564.8 0
5007.48 25526.6 0
28753.7 30844.2 0
7314.22 29551.6 0
33189.7 7010.62 0
32229.6 5692.16 0
23316.4 23656.9 0
30259.3 16532 0
26387.3 29284.3 0
37584.5 11246.8 0
37567.5 20067.5 0
39093.7 8680.91 0
38845.1 22132.8 0
24831.8 17608.3 0
34192.5 11241 0
10916.7 40373.9 0
25502.8 33378.1 0
39315.7 22724.1 0
25661.9 28678.5 0
23132.3 30032.9 0
27233.2 30464.1 0
4808.1 21920.7 0
30061.4 11007.1 0
39027.5 23408 0
14270.7 25157.2 0
33080.5 30652.1 0
21604.4 29545.6 0
13483.6 21224.4 0
4853.7 15367.4 0
6741.5 18283.8 0
2549.33 20804.7 0
13760.3 22515.5 0
23882.8 23354.6 0
4843.2 33545.4 0
9713.12 20022.3 0
32314.6 15649.8 0
19293.3 23828.6 0
3510.8 12478.6 0
43328.2 28733.1 0
17953.4 34014.5 0
17308 29815.3 0
9958.37 11478.9 0
9110.21 34639.4 0
12834.8 12804.4 0
32936.6 18424.9 0
34315.6 17210.3 0
1841.97 21561.9 0
20431.7 31558.4 0
9003.15 33522.3 0
29017.7 26123.2 0
28201.2 13745.8 0
44373.1 17038.4 0
15117.9 26773.6 0
43153.7 18231.6 0
22127.4 7881.71 0
12960.1 10001.8 0
14086.8 15408.4 0
25436.2 7348.3 0
13567.1 2441.24 0
33894.8 29845.8 0
18834.8 32209.6 0
20086.9 28274.7 0
41444.3 13215.5 0
25935.5 10085 0
9683.68 8066.93 0
44553.1 23576.9 0
10251.6 29154.3 0
43385.4 14568.6 0
27949.2 27707.4 0
25818.5 26085.1 0
31454.3 18134.9 0
19952.3 17782.9 0
17904 36298.9 0
24688.7 22490.6 0
25619.6 36421.6 0
40429.3 17205.3 0
20730.2 960.754 0
9854.96 37969 0
20694 29107.2 0
8017.22 39654.7 0
25921.4 34593.8 0
40662.9 14544.8 0
26715.7 33242.1 0
24977.2 24448.3 0
7703.19 26833.1 0
8311.18 15841.7 0
29996.9 29267.2 0
9580.02 27921.8 0
36896.7 20074.5 0
31769.8 40830.1 0
12824.3 19022.1 0
9814.32 31455.6 0
22611.7 34045.5 0
29723.8 8359.92 0
24348.1 27403.4 0
35451.9 16189.4 0
28086 42640.4 0
20645.5 22010 0
18568 38331.5 0
20361.4 39547.8 0
39458.3 24408.3 0
15422.4 16325.8 0
4370.07 29549.1 0
29770.3 16366.7 0
22246.7 20466.7 0
12025.9 38376.7 0
21212.9 2561.27 0
6406.49 9336.27 0
26197.1 16841.6 0
40941.4 29728.3 0
22811.2 20860.2 0
16460.8 16329.3 0
22537.9 32177.7 0
4735.68 16934 0
30797.1 17191.5 0
22585.9 36870.5 0
9409.34 20079 0
21959.5 24532 0
8409.63 34053.5 0
11952.5 32952.9 0
14148.3 20420.6 0
6258.53 29743.4 0
24676.7 41971.1 0
42573.5 27808.1 0
27427.5 7005.25 0
30200.8 24062.6 0
17200.3 30035.7 0
26926.3 8363.99 0
26017.1 18646.3 0
3686.04 28981.5 0
28896.7 40216.5 0
20458.6 16630.9 0
36777 18777 0
8464.44 21493.5 0
35044.4 22501.9 0
5230.52 17750.1 0
20851.7 33269.1 0
27396.5 13078.7 0
18333.8 4376.2 0
20130.4 41189.9 0
16083.9 42729.2 0
23750.1 12843.3 0
19958.6 22437.4 0
29656 38635 0
31754.6 16359.6 0
14352 36572.7 0
29807 33014.5 0
4796.68 14391.7 0
40557.7 34325.6 0
28750.7 3924.6 0
21518.5 23891.3 0
28336.6 23871.9 0
19736.6 18223.8 0
36881.7 17839.9 0
24476.2 23885.8 0
37535.9 19670.9 0
21748.7 23694 0
35535.8 16668.4 0
35347.6 8083.95 0
29553.6 34555.3 0
30333.5 14505.2 0
36413.1 37655.7 0
23370.8 6836.13 0
24850.3 13456.8 0
39127.8 14485.5 0
5944.82 33308.5 0
11227.2 23674.7 0
38588.4 20518 0
13470.5 29972.5 0
12405.9 3866.87 0
15488.2 12763.6 0
28151.7 5007.97 0
34944 39751.4 0
17873.1 7031.71 0
11668.2 21029.4 0
21185 7011.28 0
19919.4 23672.8 0
24971.2 32390.6 0
8626.46 33924.5 0
12842.1 14179.5 0
30158.3 30507.6 0
11916.6 15640.8 0
22720.3 18161.6 0
23031.4 30774.3 0
30660.9 7019.54 0
27832.7 11757.7 0
12794.9 7178.09 0
17746.9 5022.12 0
21391.2 27305.8 0
18446.7 14099.4 0
20799 16743.9 0
26853.6 6524.8 0
9590.84 18238.1 0
16224 28114.1 0
10441.7 9224.44 0
24450.1 15130.9 0
14019.5 15919.4 0
18214.7 24340.2 0
8638.98 13889.7 0
32874.5 10203.1 0
8706.41 39236.7 0
19514.9 9396.7 0
7720.84 20003.4 0
44026.5 21615.1 0
21871.4 31619.3 0
23396.6 19922.9 0
16954.6 33021.5 0
20248.5 22168.9 0
17338.9 29418.2 0
33832.7 10458.8 0
40559.4 28639.6 0
35270.3 19503.1 0
1044.33 21344 0
12751.5 20641.8 0
29429.8 18437 0
38587.9 23837.6 0
24638.4 26559.9 0
36083.5 30786.1 0
5515.72 9495.52 0
30342.4 25394.1 0
16264.5 7664.01 0
30512.9 35137.2 0
41454.1 24213.1 0
37100 19624.9 0
4283.39 12457.9 0
18429.4 23024.1 0
31306.2 14138.2 0
12094.8 9012.09 0
27429.4 28257.3 0
8875.73 18234.5 0
25379.4 19496.6 0
34398.2 39649.2 0
26121.4 23985 0
29553 35229.6 0
34725.1 30867.1 0
25679.7 30469.5 0
3710.26 22602.8 0
32051.8 33375.6 0
13836.6 36164.2 0
22786.5 38441.4 0
2033.43 28562.8 0
8850.9 23166.2 0
7130.61 8381.28 0
40310.6 21355.8 0
14271.3 25832.6 0
35874.6 27613.1 0
24252.9 10102.2 0
10563.8 21189 0
12456.2 36588.9 0
21407.6 15468.4 0
22573.7 18527.7 0
31016.8 26092.9 0
27522 35991.3 0
26877.5 23364.8 0
20904.9 40556.2 0
22733.5 6074.26 0
16901.2 1980.88 0
19219.5 26398.6 0
6568.19 24430.9 0
38801.9 21695.1 0
31609.4 35950.5 0
42391.3 27544.4 0
28011.9 18327.4 0
31695.4 34962.1 0
32280.1 28541.3 0
28358.9 29506.1 0
30234.1 21050.6 0
35507.2 14479.7 0
20929.5 28563 0
36802.1 12444.3 0
42675.1 21194.4 0
19306.8 22682.4 0
33367.1 26095.7 0
24960.5 18761.2 0
17337.5 25835.6 0
25946.9 7712.77 0
2918.1 15526.7 0
35173.4 23881.6 0
30075.9 10229.3 0
38735.1 31853.2 0
9450.03 5602.94 0
24302.1 36709.2 0
17409.9 36511.6 0
39225.4 28229.9 0
12349.1 38400.8 0
19676.5 25363.7 0
12300 24192.7 0
24544.7 25285.2 0
17335.6 17276.2 0
17610.7 26736 0
11178.7 19950.2 0
16812.2 34526.8 0
19798.1 31585.5 0
14600.6 10557.2 0
29268.6 7565.91 0
28308.4 3413.84 0
15179.3 6561.97 0
29486.9 22949 0
37391.4 34969 0
32154.3 23197.8 0
22085.1 10246.1 0
26176.3 26635.2 0
4809.87 24452.2 0
34649.7 11163.2 0
29767.1 8596.24 0
15509.7 24180.1 0
26871.6 16937.3 0
32921.7 28815.7 0
36155.8 33311.4 0
31181.1 26932.8 0
39162.9 7876.56 0
8774.17 19268.3 0
11888.5 20634.2 0
17375.9 8534.63 0
21865.6 18640.4 0
9550.33 26411.9 0
20044.3 30698.2 0
7733.52 11671.8 0
32852.4 33466.5 0
27886.3 22252.2 0
16257.1 25459.5 0
21903.6 15308.7 0
12240.6 13121.6 0
22732.7 41379.3 0
14489.6 22739.5 0
38304.6 37157.6 0
23261.7 28333.9 0
6770.13 32705.9 0
42539.5 32419.8 0
7201.32 13528.2 0
26104.3 25606.2 0
31345.6 19109.2 0
19811.7 25819.2 0
34043.7 34955.7 0
18372.3 43134.7 0
8577.36 15667.9 0
23654.9 8032.76 0
26869.4 16520.2 0
5139.1 33431 0
42543.6 33067.5 0
23101.5 26821.8 0
10269 37573.4 0
12455.7 18072.4 0
24025.4 40815.3 0
17462.7 603.571 0
19461.4 37353.6 0
30397.7 31097.8 0
18285.2 12924.7 0
17582.3 32019 0
1916.19 18209 0
23247.5 36868.4 0
23284.7 25221.4 0
22473.9 26682.5 0
14023.9 24200.1 0
20070 15565.3 0
21168.5 14130.7 0
26706.6 8947.84 0
20096.9 23891.5 0
39655.2 35694.8 0
33082.1 26689 0
23492.3 29317.6 0
1583.6 24822.2 0
37310 6649.95 0
18332 10556 0
30391.9 25145.4 0
15635.5 12321.1 0
6594.13 14641 0
13165.6 32510.3 0
8163.25 9779.6 0
9584.19 18841.7 0
40760.4 10884.7 0
36223.3 22333.7 0
29016 10975.3 0
22980 25942.1 0
35235.9 7098.61 0
19482.7 13306.9 0
39365.7 10396.5 0
26006.6 13139.8 0
2498.68 20323.2 0
13005.7 23739.7 0
30866.2 24262.4 0
32745.5 33806.3 0
28413.8 10635.7 0
22604.8 34332.8 0
43270.3 25354 0
17737.8 40169 0
27248.3 41694.2 0
37906.8 13140.4 0
5693.39 18899.9 0
20516 35177.9 0
6734.68 7075.4 0
34368.6 22365.3 0
20750.3 28852.3 0
19604.9 27817.7 0
30494.5 32108.1 0
13006 18709.4 0
16665.1 13664.4 0
23430.9 34505.2 0
14847.8 18818.2 0
11655.7 35663.2 0
19728.2 17533.7 0
14805.6 14780.4 0
28965.5 37926.6 0
15860.4 19498.5 0
21896.9 25408.4 0
35156.2 36776.7 0
20769 35549.7 0
12022.8 15426.5 0
21923 16061.8 0
13892.3 18359.9 0
24538.2 30192.5 0
14014.6 25229.8 0
29322 31816.8 0
12800 19669.5 0
22097.5 36438.8 0
44650.5 25829.8 0
19254.1 7403.92 0
31651.1 27111 0
36993.4 20511.6 0
25597.7 19623.2 0
11769.9 25776.8 0
29518.5 6619.79 0
22494.2 30721.4 0
25864.6 41347.8 0
9952.01 24485.1 0
13597.5 8712.17 0
35606.3 26099.9 0
24599.5 20919.8 0
41270.9 28467.4 0
24090.4 1727.4 0
22097.5 37012 0
29672.9 10916.3 0
28795.2 20470.9 0
36261.9 33033.3 0
27104.3 27107.3 0
26743.6 35472.9 0
26697 20008.8 0
24722.2 43984.8 0
40192.9 30825.9 0
41318.3 21934 0
19109.4 13627.1 0
18963.1 5980.61 0
8152.22 32590.7 0
31876.3 30018.9 0
36716.3 37521.3 0
20805.8 18994.7 0
33425.1 24773.5 0
18515.8 27899.5 0
15805.5 32175.1 0
40284 16234.8 0
16081.2 9126.79 0
8046.39 28390.8 0
13848.4 15345.3 0
23147.2 42383 0
9723.14 36356.1 0
10755.6 33816.6 0
27328.7 27750.9 0
29701.2 14434.9 0
19047.4 42076.7 0
33015 39682.3 0
10138.7 9659.43 0
13455.9 38916.1 0
30185.3 33108 0
18523.2 7687.11 0
17357.5 21965.7 0
27092.6 8612.66 0
28410.2 28743.9 0
19334.5 8313.83 0
30186.3 33711.7 0
25090.5 23710.4 0
17446.1 23473.9 0
41752.8 23924.5 0
11217.2 31471.8 0
12642.3 9558.86 0
4937.65 26092.8 0
21306.3 26342.3 0
22075.4 45090.7 0
21652.8 23351.5 0
10033.1 5691.27 0
19050 5371.83 0
13249.9 27286.3 0
28542.3 23729.5 0
11636.8 26278.7 0
30130.9 7445.11 0
19958.6 16228 0
40067.9 10524.4 0
44003.4 21856.7 0
25300.4 38415.6 0
20924.9 10695.8 0
19822.1 40769 0
10609.8 16092.9 0
26716.4 43828.1 0
19867.1 27833.9 0
39961.3 21142.5 0
25289.2 4473.37 0
12254.2 21096.3 0
29806.7 28915.2 0
22659.2 33076.8 0
8814.03 28948.3 0
6745.22 20965.9 0
36004.4 27394.7 0
35167.9 5824.42 0
28730.2 43508.1 0
14155.2 33390.6 0
25162.3 22794 0
28782.7 13539.5 0
39819.3 17125.9 0
16842.5 22341.9 0
5604.46 15545.4 0
36077.2 19161.8 0
2773.59 29528.7 0
12185.2 6379.79 0
26361 3142.12 0
18772.7 19269.1 0
14366.3 16209.2 0
16887.6 1294.25 0
8538.09 17575.8 0
32472.9 29486.2 0
18263.6 34046.3 0
44081.3 24566.9 0
18294.4 32991.2 0
27601.6 11945.4 0
32344.5 21874.9 0
30596.6 16270.8 0
13391.4 18293.4 0
23222.8 17208.2 0
17257.6 16902.7 0
21573.7 30280.1 0
7301.71 24272.5 0
28687.2 13166.8 0
32911.9 22323.1 0
12429.5 2785.44 0
29946.4 16680.1 0
6934.35 14140.3 0
24581.2 44646.5 0
25649.5 18436.8 0
3175.4 15955.9 0
25176.1 10466.4 0
15659.8 30268.8 0
16847.7 21344.9 0
38724.7 27388.3 0
20383.4 5670.59 0
33009.4 12736.5 0
28571.6 14749 0
35370.7 29369.3 0
14734.6 22958.3 0
22524.6 23835.9 0
10859.4 14834.7 0
19726.8 22305.4 0
24062.3 43436.1 0
29826.4 31173.9 0
27587.9 41502.6 0
36719.7 37792.2 0
37460 5771.63 0
8873.68 31300.2 0
29848.7 10237 0
21472.1 18063.3 0
17426.6 10212.8 0
5417.45 10632.3 0
7924.87 30057.4 0
10366 13312.9 0
25620.5 15162.7 0
8480.4 33163.3 0
23579.6 39676.7 0
10633.9 31946.8 0
24630 42269.8 0
35309.9 4193.59 0
18162.8 18316.5 0
42816.1 15967.4 0
12280.4 8784.96 0
15838.8 43908.3 0
8974.11 27971.8 0
21944.6 3685.61 0
2489.77 32126 0
43309 30906.5 0
29103.5 27598.8 0
22291.7 40778.7 0
4502.15 14617.7 0
24759.6 39304.9 0
25548 11033.3 0
22225.8 17387.8 0
27462.5 32338.7 0
7860.4 25410.3 0
21763.6 10623.6 0
23298 6117.02 0
5878.33 12595.8 0
32757.1 29506.6 0
20839 29630 0
11260.2 25487.2 0
19200.8 34449 0
25669.5 34961.3 0
17236.1 41353.5 0
9544.15 13720.5 0
35849.4 14434 0
22868.8 30442.4 0
35669.7 25729.2 0
36774.6 25172.5 0
30647.9 34869.5 0
17772.6 23738.9 0
7403.16 30376.5 0
23134 16928.5 0
684.463 19890.2 0
30095.8 5826.16 0
34047.9 5019.86 0
29067 15144.9 0
10312.3 10026 0
36260.7 36662 0
11997.1 24722.9 0
12582.9 27669.5 0
41642.6 15412.5 0
33999.2 11378.3 0
13954.6 2414.69 0
34179.5 19979.8 0
4898.49 35761.7 0
21661.4 42087.9 0
19630.1 15278.2 0
27136.4 16178.4 0
29201.3 25812.6 0
23546.2 30306.3 0
22086.9 13331.2 0
42689.6 25770.6 0
26575.9 3207.57 0
26011.1 18023.5 0
31036.2 18892.7 0
41001.6 19281.2 0
31871 26093.4 0
26216.4 17199 0
2052.46 25234.9 0
9114.98 35104.1 0
22742.3 27841.3 0
19618.1 13469.1 0
15322 15215 0
3939.23 22622.3 0
13260 34774.5 0
28654.3 40356.2 0
13693.8 16380.2 0
17649.3 30576.7 0
6964.83 18174.8 0
24654.9 40237.2 0
29006.1 20567.9 0
17022.1 39263.4 0
40781.9 12267.8 0
10888.9 20696 0
19849.9 35007.7 0
12739.6 7861.65 0
16361.4 27722.3 0
38671.5 17866.4 0
9867.78 15948.1 0
8605.39 7380.97 0
40089.4 32017.6 0
15673.9 18558.2 0
26928.1 19352 0
36616.4 25424.3 0
23062.7 36288.8 0
20106.8 42181.7 0
15397.3 21546.2 0
22289.3 18415.8 0
39805.4 29177.8 0
40739.1 30638.1 0
30403.9 4421.24 0
22762.7 25027.9 0
23347.3 14151.1 0
13081.3 24595.8 0
38605.2 22319 0
11743.2 16011.2 0
10331 14981 0
16691.7 14146.3 0
11145.4 33847 0
17555.4 33505.9 0
34318.7 20477.7 0
10578.6 8397.48 0
18547.3 23439.5 0
23363.7 11215.5 0
40115.9 20997.3 0
42871.9 28905.3 0
32099.3 15213.6 0
24685.6 10712 0
17521.4 28994.2 0
15080.4 29100.7 0
31089.5 33708.3 0
33303 25755.5 0
7359.13 28727.3 0
2559.24 27620.3 0
36523 10977.8 0
13023.8 26624 0
23323.9 34811.4 0
16423.1 6115.52 0
11474 22199.3 0
39887.3 27752.6 0
29002.4 13458.7 0
34343.7 10803.5 0
20481.4 29271.7 0
19592.2 1330.49 0
21284.3 14353.8 0
8326.46 32765.1 0
17362.8 26619.2 0
24753.5 15540.9 0
22859.2 3516.08 0
32014.4 32278.4 0
15031.3 34796 0
20630.8 33065.4 0
10425.9 4753.82 0
20606.6 20407.2 0
23908.2 3158.78 0
26263.9 9969.42 0
32174.6 31897.9 0
39098.1 11761.6 0
5258.9 25260.9 0
40420.2 26832.5 0
13524.8 35292.5 0
18020.2 12772.7 0
8837.32 19857 0
2192.18 28439.2 0
33828.5 15983.5 0
4378.59 18738.1 0
1603.27 28926.2 0
35792.3 6312.21 0
22179.8 2350.37 0
22384.3 18969.5 0
18330.6 21220.8 0
27864.3 30088.6 0
19091.2 10260.3 0
2846.98 21787.2 0
21176.6 18447.7 0
35109.8 23362 0
34929.4 34359.5 0
36240.6 14672.4 0
39161.6 17561.8 0
24326.9 8701.47 0
20332.6 29412.6 0
26703.5 13228.9 0
19708.4 3188.11 0
17988.4 24610.5 0
20775.5 26030.2 0
10046.8 39838.4 0
21862.7 15761.3 0
19968.3 11502.4 0
29925.4 7603.16 0
6798.48 17316.4 0
9635.51 7580 0
39630.2 11624.5 0
5958.39 32471.9 0
31495.2 13108.8 0
29314.2 26053 0
33412.1 33515.8 0
9997.54 36282.8 0
4713.84 10962.6 0
20179.5 16434.9 0
11797.3 37523.1 0
38549.6 19980.4 0
7368.14 35346.5 0
37705.8 32261.4 0
31597 30386.9 0
8933.37 30781.7 0
35516.8 27547.7 0
31201.5 30607.2 0
31348.9 16214.2 0
28626.5 24774.7 0
30248.2 17616.1 0
34628 34230.7 0
15232.2 13667.2 0
10782.8 11025.3 0
19539.9 30563.1 0
31876.3 24491.6 0
31004.2 17072.7 0
18563.2 23745.5 0
35512.1 22220.5 0
17258.3 3055.33 0
24891.7 23389.1 0
36142.8 17074.6 0
19261.8 371.099 0
10875.5 21190.8 0
31488.9 24429.1 0
26810.3 2189.78 0
8989.02 37308.4 0
38256.2 9585.15 0
30507 5057.75 0
39902.7 14328.4 0
21900.3 41044.7 0
41384.3 14145.4 0
16124.7 4931.93 0
20613.1 2797.79 0
26910.7 36130.7 0
42530.4 12732.2 0
40028.4 19413.7 0
33422.5 34450.5 0
21179.8 3177.58 0
13636.5 8023.74 0
9841.11 37417.2 0
22139.3 641.329 0
20524.1 7778.04 0
9423.87 29345.3 0
29430.3 1173.73 0
7294.18 14234.5 0
10881.1 23736.8 0
16349.3 19493.3 0
34876.3 27770.2 0
22911.3 19207.4 0
34916.8 23834.2 0
25146.4 39596.1 0
1235.55 19620.8 0
3560.6 32293 0
14291.9 19403.1 0
31747.1 37774 0
19198.2 31484.2 0
31389.7 20008.7 0
32136.7 22517.4 0
31183.2 37870 0
14268.5 38068 0
40729.8 16389.1 0
14301.1 25546.4 0
24177.9 14654.8 0
36096.5 39068.4 0
36273.6 40211.4 0
12022.8 29041 0
4882.69 14650.4 0
5982.86 23172.3 0
41653.4 12080.4 0
31602.8 5190.99 0
27588 10978.6 0
23400.1 36336.2 0
35220.3 13672.5 0
28322.8 22588.4 0
15904.4 6213.08 0
25618.2 15990.8 0
23863.2 27628.6 0
38727.5 14728.6 0
28575.1 33810.8 0
23713 20837.7 0
7725.57 19751.8 0
30104 20621.5 0
38808.6 8341.86 0
22791.1 17558.4 0
27798.9 1376.18 0
8341.62 26828.9 0
40610.4 34757.3 0
16862.9 20665.6 0
29180.4 25365.6 0
17116.1 26299.5 0
14484.1 21631.7 0
14466.2 26743 0
15060.9 39254.6 0
9908.33 20662.5 0
21317.5 22292.5 0
35235.3 20178.9 0
14578.7 20725.2 0
35644.6 35702.7 0
31947.3 14847.4 0
26810 20575.6 0
10617.9 39212 0
18276.9 39824.4 0
19610.9 2659.59 0
31046.2 7642.46 0
28045.1 28818.9 0
4355.87 30572.5 0
29558.3 33080.7 0
21482.5 19016.4 0
38178.1 32372.3 0
14534.4 1970.24 0
13968.2 33632.1 0
28665.3 37244.6 0
12545.3 20728.8 0
23448.1 35854.6 0
20637.2 15148 0
31376.4 10612 0
11824.7 28592.5 0
33493.5 23436.6 0
27654 26996.7 0
22919.9 3012.96 0
44934.5 21454.3 0
40103.3 21578.8 0
6022.24 19595.6 0
9856.49 24992.1 0
35128.8 9481.25 0
17741.6 4808.89 0
31335.3 6225.13 0
30620.7 29605.5 0
24463.1 24419.4 0
20096.6 26355.4 0
22417.5 6734.78 0
38188.8 16692.9 0
15700 21183.6 0
29586 16287.8 0
27124.2 10018.2 0
24113.8 36787.2 0
15866.4 26622.6 0
5928.18 26342.6 0
13934.9 27853.8 0
17522.9 26406.5 0
35360.8 11887.4 0
8273.64 24254.6 0
13668.3 26086.7 0
7676.23 37033.2 0
16667.5 23697.6 0
13468.7 2071.68 0
42036.8 15601.6 0
21178.8 39100.9 0
31507.7 40495.8 0
22136.5 21136 0
23548.5 38488.4 0
14360 36331.2 0
36208.7 28349.2 0
19632 21123.2 0
26899.7 18508.1 0
7489.43 15371.6 0
29452 3811.75 0
24039.1 33969.8 0
38147.7 17674 0
4712.87 11206.7 0
21030.3 9017.18 0
21719.2 28134.3 0
8106.04 10073.4 0
5114.07 36195.8 0
20033.2 16911 0
22767.2 28136 0
42930.1 20929.6 0
40243.4 19737.9 0
17128.1 38406.6 0
40686.4 13752.9 0
14858 6228.47 0
28510.1 22894.9 0
25860.2 18972.2 0
6197.49 26482.2 0
13971.9 9127.24 0
665.255 19505.6 0
31932.7 20699.3 0
22415.2 12675 0
37527 18284.5 0
15159.1 43128.1 0
6240.11 16774.3 0
237.634 19857.2 0
16209.5 7370.95 0
12192.5 22986.6 0
12130.8 20170.6 0
27661.7 12383.1 0
12590.7 39505.1 0
26015.2 35540.4 0
42437 28812.2 0
26810 11551.4 0
25563.6 5018.8 0
30201.6 1876.36 0
7839.49 36185.8 0
11994.2 23657.8 0
14107.3 14634.5 0
7770.06 26420.3 0
17311.6 21656.6 0
6338.6 26043.5 0
6879.14 17555.5 0
23469.2 14342.5 0
34683.7 24882.6 0
24624.3 17293 0
16242.8 18991.3 0
18981.8 23378.2 0
40181.3 33732.4 0
12938.2 35364.8 0
41138.6 32223.6 0
27373.8 31689.5 0
33005.7 22795.3 0
36190.5 30195.1 0
14624.9 5145.15 0
26172.5 12087.4 0
28161.6 9194.46 0
28643.2 21033.2 0
26918.2 36474.8 0
18529.9 15460.6 0
28692.6 19035.5 0
12917.1 15076.9 0
8905.52 21174.5 0
36045.5 22903.5 0
17751.8 37278.2 0
26438.7 31915.7 0
20079.8 44833.1 0
20142.2 19693.2 0
13183.5 11095.8 0
22925.3 9808.01 0
12579.8 4747.58 0
39224.1 9687.02 0
19658.3 20318.4 0
13992.3 13155.1 0
11390.9 34840 0
24628.5 13333.2 0
23618.6 32119.8 0
27997.6 25377.3 0
15887 18736 0
19621.7 29587.4 0
9940.27 19522.6 0
20420.7 3690.01 0
9185.22 27832.4 0
38202.1 34120.6 0
4929.09 10264 0
