5000
8360.84 -22468.1 0
14178.8 -46417.4 0
5017.75 -10909.9 0
-8018.06 -46004.8 0
-7765.89 -32766.4 0
-904.741 -38216.4 0
-4404.22 -30895.7 0
25399.7 -49563.3 0
6175.78 -43162.6 0
-13524.6 -34327.5 0
-7162.84 -12910.4 0
-18126.9 -45398.3 0
-8574.84 -22813.9 0
-2500.44 -6123.29 0
6620.63 -11497.2 0
690.755 -51002.3 0
2117.68 -17869.8 0
4574.8 -31539.7 0
-10107.8 -45786 0
1310.59 -46782.3 0
-4819.95 -20875.6 0
-25129 -51947.9 0
142.384 -5229.13 0
-12770.4 -38239.4 0
8427.49 -19461.8 0
-536.415 -1092.56 0
-169.832 -3831.64 0
21147.6 -47204.1 0
-7937.57 -31835.7 0
-6022.09 -45819.1 0
532.794 -40585.3 0
79.015 -2386.42 0
19107.2 -39439.8 0
-10054.8 -43752.7 0
3143.45 -21290.7 0
1972.02 -9894.44 0
6786.1 -18898.7 0
-15207 -52132.6 0
-6514.1 -41229.1 0
16460.1 -31770.9 0
8559.37 -51489.6 0
-5257.62 -49247.3 0
-240.539 -13117.1 0
25405.6 -49828.8 0
-19315.6 -49952.6 0
3865.11 -25971.1 0
2134.12 -16950.9 0
5514.18 -17857.4 0
-761.955 -13723.2 0
-5396.88 -15900.5 0
1495.61 -25273.6 0
-18693.2 -51855.3 0
-3093.85 -7011.47 0
-220.546 -46226.4 0
27628.4 -49668.9 0
4471.09 -22859.7 0
5794.91 -21647.7 0
-3019.79 -13791.7 0
1312.78 -14799 0
-15845.1 -41588.8 0
-18435.6 -44570.3 0
-15604.5 -42517.4 0
-24889.3 -52115.5 0
-14318.5 -28286.7 0
-4853.68 -13761.8 0
13664.6 -42387.6 0
6720.48 -45690.3 0
-3386.43 -7468.4 0
100.637 -4754.42 0
-5415.52 -11199.7 0
-2012.43 -49784.9 0
3522.95 -45794.1 0
-4337.59 -8555.89 0
6210.17 -10756.5 0
3028.66 -6999.7 0
1636.43 -2849.53 0
1663.53 -4069.78 0
-27843.2 -48714.9 0
1076.31 -10911.3 0
-8226.14 -22343.4 0
20885.4 -45238.3 0
-4937.5 -33218.9 0
2285.67 -27415.5 0
1180.92 -5940.57 0
1484.88 -46009.6 0
9809.77 -36949.4 0
-21252.8 -40182.3 0
19247.2 -46705.8 0
21758.5 -39634.2 0
5255.49 -29766.4 0
-17390.1 -47362.1 0
1854.03 -4297.38 0
2354.12 -14892.9 0
1882.8 -13800.7 0
4016.89 -18837.8 0
-2508.92 -13842.2 0
-16597.6 -34719.1 0
-11294.8 -37934.5 0
-7578.94 -32319.4 0
1567.28 -6705.24 0
-1075.45 -36002.6 0
12298.3 -24496 0
-8787.34 -50773.3 0
-13.4601 -195.969 0
-5881.26 -35901.3 0
4861.43 -13360.6 0
5364.28 -28862.8 0
-350.645 -18534 0
2444.4 -10824.4 0
316.033 -2463.83 0
-3805.66 -42135.2 0
7021.03 -38118.9 0
-1789.07 -11079.1 0
4346.28 -37874.4 0
4776.13 -19381 0
3062.33 -11904.3 0
17758.8 -37645.7 0
2497 -15437.7 0
-13236.6 -51664.7 0
1103.61 -5590.28 0
-8702.59 -20184.4 0
2892.83 -35943.2 0
3046.21 -17287.6 0
4992.2 -16803.8 0
-2046.81 -11351.3 0
-8510.4 -25131.4 0
25808.5 -49539.2 0
11636.3 -40870.4 0
-16108.3 -38448.8 0
-5711.47 -46717.8 0
24924.3 -49809.4 0
4577.91 -11495 0
10083.8 -31750.9 0
22097.5 -48312.7 0
-68.0779 -35025.3 0
-5758.72 -15622.6 0
11151.8 -27776.3 0
-1963.23 -51567.2 0
-74.5275 -17692.1 0
-13659.9 -39281.8 0
1995.24 -8214.06 0
3225.72 -29758.4 0
15265.2 -41293.8 0
-4461.17 -12733.7 0
-11.3815 -7370.93 0
-8103.24 -20356.6 0
15687.2 -34407.9 0
17180 -46669.7 0
-83.7045 -20361.7 0
-4422.72 -39803.3 0
1790.6 -15635.9 0
-1575.02 -4118.92 0
-15705.8 -36070.7 0
-2494.47 -17344.5 0
-973.247 -5454.49 0
1410.38 -16074.8 0
7662.47 -45667.7 0
-125.87 -9559.25 0
14849.5 -35013.5 0
234.36 -12632 0
1560.68 -25860.3 0
8119.34 -22556.8 0
-5242.73 -19111.3 0
9235.03 -37707.4 0
9996.48 -17967 0
3345.02 -7565.01 0
13760.2 -45016.4 0
-1494.31 -6808.23 0
16370 -40655.7 0
-12415.1 -24313.3 0
20985.5 -37567.6 0
-8588.91 -27496.3 0
2130.42 -5296.68 0
-9476.62 -21258.4 0
-8232.72 -39086.6 0
2546.32 -7590.02 0
-1469.7 -2895.76 0
-2101.14 -47420 0
5374.68 -26359.5 0
-13920.1 -33028.6 0
2649.45 -32101.8 0
2186.05 -21890.9 0
-253.096 -10319.7 0
3664.21 -31747.8 0
4501.72 -35960.2 0
-13887.1 -48492.1 0
-2614.36 -5409.38 0
4427.22 -9313.78 0
-262.18 -13704.4 0
5932.09 -16653.6 0
-8043.51 -48878.3 0
366.316 -2177.63 0
-11886.4 -45790.2 0
6684.75 -50382.6 0
-2680.84 -13164.3 0
-11577.6 -35382.4 0
-16296.4 -37629.9 0
12739.6 -41837.2 0
-7527.42 -23196.1 0
-5061.28 -25892 0
-6518.41 -22524.2 0
323.439 -9399.61 0
51.3836 -884.742 0
-2906.4 -23048.2 0
-9071.12 -43897.2 0
-9803.12 -38254.6 0
9526.65 -48293.6 0
3900.72 -18556.9 0
1770.24 -51268.1 0
4833.38 -38767.1 0
472.238 -24353.3 0
-6285.95 -43243.2 0
12809.9 -39160.1 0
-710.911 -1868.79 0
-18394.3 -37404.7 0
-12089.7 -35629.3 0
7187.06 -33760.1 0
-3220.43 -15570.5 0
-6800.1 -19604 0
9315.54 -52613.9 0
3043.62 -18795.4 0
4442.37 -10414.6 0
-10753.5 -28652.3 0
13870.1 -38658 0
4771.39 -10592 0
-4731.14 -42658 0
12537.8 -30822.1 0
-196.732 -33588.3 0
21573.1 -43558.4 0
11674.8 -34199.8 0
8694.85 -17708.4 0
13681.1 -33096.8 0
13744.1 -46324.2 0
-9032.64 -35610.6 0
16013.6 -50088.3 0
15378.3 -37345.3 0
-3404.57 -37044.3 0
3975.36 -39042.2 0
363.984 -9009.89 0
165.623 -1996.88 0
6577.91 -30802.2 0
10685.7 -29428.2 0
-11748.9 -27357.9 0
31.9498 -2947.97 0
7558.87 -22126.7 0
3948.08 -27198 0
-9146.06 -23384.8 0
-6473.76 -23863.5 0
-21116 -38168.8 0
3811.2 -49269.3 0
2348.36 -27054.3 0
-2012.51 -4040.61 0
5332.62 -35913 0
-3826.66 -12800.5 0
6938.13 -27266.5 0
-3324.26 -51597.5 0
26329.9 -51321.2 0
18923.1 -42611.6 0
-5657.66 -32132.6 0
-8415.4 -27782.3 0
12859.9 -25250.8 0
-9052.8 -26329.9 0
13476.4 -44598.3 0
6440.15 -14272 0
-4284.84 -24081.1 0
2143.87 -33634.9 0
1481.5 -11517.1 0
-505.153 -21883.8 0
-11000.1 -35190.6 0
2491.77 -6190.36 0
-1597.08 -11990.9 0
5506.29 -35604.6 0
6663.97 -35631.9 0
-15195.7 -30520 0
981.816 -14715.7 0
-10090 -18304.2 0
-27610.9 -48890.4 0
4966.51 -46583.6 0
22377.6 -52130.8 0
-9142.03 -25651 0
-621.575 -48335.6 0
-6287.33 -16656.7 0
8669.42 -20491.2 0
18460 -41528.5 0
-420.386 -16588.7 0
3352.45 -6637.18 0
14154.5 -35138.3 0
-5574.02 -16228.6 0
-4213.9 -11596.4 0
1410.84 -10619.7 0
-5270.99 -12788.5 0
380.242 -752.246 0
-2536.5 -6838.51 0
-1574.65 -39391.6 0
2582.56 -5560.29 0
511.811 -4258.29 0
-3350.78 -29989.9 0
-1182.61 -17782 0
802.578 -11564.8 0
-12290.2 -23195.6 0
14784.3 -43343.7 0
-14872.2 -28136.1 0
-12393.3 -38271.6 0
4136.17 -19480.5 0
15587.7 -36089.1 0
-503.901 -3007.63 0
13461.6 -46939.8 0
8563.68 -40557.6 0
7813.32 -17343.9 0
4732.71 -17481.1 0
3658.49 -10894.7 0
309.464 -3233.64 0
-3875.2 -8739.64 0
-2191.29 -7982.05 0
328.848 -3513.46 0
-25216.4 -50271.3 0
-506.178 -15612.1 0
933.857 -10220.5 0
2561.5 -28842.6 0
982.896 -35379.5 0
3257.46 -13298.2 0
-9414.89 -37345.1 0
9225.02 -19005.7 0
-9636.17 -30272.3 0
-1932.57 -18571.5 0
7344.4 -38521.8 0
-969.744 -16324.2 0
4273.21 -19779.1 0
-13591.9 -44103 0
-10413.2 -40226.4 0
-24928.8 -44918.5 0
13173.1 -34059.8 0
-7546.56 -39895.7 0
1448.11 -51526.9 0
-4027.87 -15045.5 0
-13513.2 -28196.8 0
14753.6 -34111.9 0
1622.18 -49899.8 0
20705.1 -39710.9 0
-3559.38 -21588.3 0
-666.766 -1288.24 0
-14672.8 -25728.9 0
-9264.73 -42044.4 0
10148 -29126.6 0
-162.015 -4754.29 0
-9348.53 -27873.5 0
1131.58 -2382.79 0
-6275.09 -13496.7 0
8156.64 -36249.1 0
3790.02 -9357.98 0
-1159.35 -46018.2 0
121.574 -406.509 0
3681.2 -44615.6 0
-19638.4 -43665.4 0
2779.98 -5506.74 0
-3397.59 -14145.2 0
1841.26 -5476.09 0
4305.59 -16291.6 0
1585.54 -5659.04 0
24805.5 -44997.2 0
-6952.82 -41514.5 0
-1202.05 -26378.3 0
3162.84 -19438.3 0
829.911 -7857.12 0
-9755.69 -20803.4 0
-14885 -37247.8 0
-21031.3 -49229.8 0
1105.32 -12770 0
5637.65 -31651.1 0
2057.06 -7130.45 0
-14552.2 -27713 0
-1353.65 -12789 0
-482.549 -9723.77 0
-5259.04 -25837 0
-19554.2 -34318.5 0
-10712.7 -25956.7 0
-20006 -43003.1 0
12276.6 -39767.5 0
21955.3 -47924.4 0
-1268.05 -2572.54 0
305.244 -10763 0
2884.21 -6000.47 0
-4240.93 -35991.6 0
6148.81 -42125.1 0
1019.86 -24695.8 0
11632.4 -33132.6 0
5758.46 -12185.9 0
6784.94 -21711 0
-731.119 -5880.87 0
7461.91 -22330.4 0
18076.6 -47198.8 0
8597.74 -37642.7 0
641.69 -37965.6 0
88.4741 -35184.1 0
320.693 -1762.83 0
9654.11 -35152.7 0
-3229.51 -8131.95 0
-14795.9 -44880.3 0
15767.9 -41823.7 0
-13166.5 -38328.6 0
-1248.79 -6294.98 0
-5409.7 -16633 0
-8846.9 -29516.4 0
-6555.38 -16664.9 0
2501.27 -39098.4 0
5394.81 -13085.7 0
6932.19 -37623.5 0
16864.6 -46452.9 0
3548.84 -37372.8 0
12838.1 -45290.9 0
-1044.98 -4547.07 0
4068.71 -9678.82 0
-7214.31 -20646.1 0
-1372.26 -22979.7 0
941.748 -6047.48 0
-9592.52 -51972.7 0
712.021 -6292.26 0
14345.3 -43256.4 0
-2359.04 -22171.2 0
-1828.72 -16444.2 0
10724.7 -23983.3 0
15945.4 -37796.1 0
-1181 -28645.1 0
-2941.89 -13320.5 0
-9212.67 -33824.9 0
-1584.26 -7498.47 0
7537.75 -28197 0
-173.178 -11699.3 0
2975.89 -7542.39 0
-2411.16 -10957.7 0
-27237 -47500.2 0
-10785.2 -47955.4 0
6559.02 -41274.7 0
-906.5 -2563.4 0
21815 -41758.5 0
-20642.9 -48112.1 0
1535.09 -40571 0
-1801.55 -50332.5 0
17283 -39673.5 0
-1164.9 -11704 0
3259.5 -8821.44 0
3560.07 -19361.3 0
-5157.61 -31956.3 0
-1742.46 -38886.9 0
6303.12 -27246.5 0
-2794.17 -11308.5 0
-10821.6 -38195.7 0
-6155.38 -20322.6 0
389.542 -25917.3 0
-20277.7 -44824.9 0
384.705 -17276.2 0
9107.18 -46914 0
-1013.33 -8470.31 0
-482.897 -6266.19 0
-21019.9 -48467.4 0
-17038.4 -45715.8 0
-4675.42 -23593.6 0
-1500.97 -32324.6 0
2486.93 -4772.23 0
22129.2 -50001 0
-11810.8 -22575.6 0
10880.9 -36260.1 0
-12113 -25302.5 0
-2660.88 -27831.2 0
5405.56 -50500.9 0
814.625 -12266 0
12764.8 -38839 0
-607.827 -23365.2 0
21694.3 -48603.3 0
-5598.53 -16535.3 0
2119.48 -15777.5 0
571.216 -2143.67 0
4904.85 -20733.9 0
6583.31 -16034.5 0
2265.72 -40984.1 0
17494.3 -33659.9 0
-6553.62 -14690.1 0
5485.3 -16820.6 0
-14322.6 -41980.3 0
-26366.3 -46985.8 0
-12904.8 -36649.2 0
-20255.8 -52477.3 0
9675.84 -51995.1 0
-17794.3 -47121.4 0
-1963.27 -6576.73 0
-2591.73 -52260.1 0
1343.77 -28005.7 0
20181.3 -51471.3 0
-3818.23 -10751.4 0
-5729.08 -21130.4 0
16156.4 -34578.6 0
-5189.46 -37052.1 0
419.316 -23022.2 0
81.0904 -42191.5 0
-19109.3 -34587.7 0
5261.74 -41837.8 0
-10980.7 -39554.7 0
6560.47 -27456.1 0
3192.23 -10252.9 0
-3696.37 -19964.5 0
1592.17 -10948.2 0
-396.412 -1440.31 0
-9392.72 -23587.1 0
-6950.44 -22364.9 0
2260.93 -7550.59 0
-4299.83 -7690.39 0
8188.89 -31193.6 0
373.294 -15009.1 0
-9364.66 -31571.3 0
20725.4 -46939 0
-6936.13 -24391.6 0
7192.9 -28079.6 0
-11660.2 -25644.8 0
23866.6 -47922.3 0
2367.44 -16020.9 0
-4973.38 -16150.6 0
-1503.85 -27816.1 0
-7318.57 -34894.5 0
12004.7 -28902.1 0
18845.8 -34987.2 0
7289.03 -22537.2 0
318.791 -19598.2 0
6416.81 -44533 0
12075.3 -30111.7 0
533.86 -6032.58 0
8950.8 -17526.8 0
9322.83 -30058.1 0
11160.1 -23454.2 0
2474.44 -8069.07 0
3015.93 -13811.4 0
9430.99 -27164.4 0
1144.22 -48063.9 0
-3872.62 -9399.55 0
1055.09 -17683.7 0
-3069.55 -11358.7 0
-3211.57 -6013.82 0
8826.52 -36382.9 0
-12253.9 -39359.9 0
21289.4 -42926.9 0
10158.5 -42999 0
-7918.98 -38439.4 0
-1941.19 -5123.28 0
15334.8 -49941.5 0
-4282.26 -22797.7 0
3234.35 -7989.51 0
8604.52 -22093.5 0
2582.73 -42997 0
2869.66 -6320.9 0
-4708.35 -8156.03 0
-384.73 -1885.24 0
-514.37 -2066.86 0
4479.79 -28762.2 0
7903.06 -34807.9 0
-6380.58 -25644.6 0
-6741.38 -34179.8 0
-12107.1 -25755.8 0
8943.97 -51806.5 0
-2336.03 -5685.81 0
-3661.57 -7836.05 0
-11793.3 -45240.6 0
-12477 -31949.2 0
7749.94 -23786.2 0
2828.49 -27104.9 0
7551.62 -17429.7 0
5440.05 -20540.6 0
12034.8 -48847.4 0
7821.55 -22632.2 0
1769.21 -8657.85 0
-5135.68 -30426.1 0
-26054.6 -49848.8 0
531.107 -7437.42 0
-8965.96 -18429 0
-7782.35 -18098.5 0
-6252.3 -14294.8 0
21809.8 -50639.6 0
5194.9 -29183.3 0
-5123.59 -33569.5 0
7468.77 -32423.2 0
6767.87 -26307.6 0
-4429.79 -33640.7 0
1432.67 -3842.42 0
2838.04 -13110.7 0
-1318.43 -2319.49 0
669.518 -2746.94 0
8500.1 -15884.2 0
-759.919 -2105.06 0
2383.81 -16937.4 0
-6526.74 -44493.6 0
603.664 -15139.8 0
1920.56 -12391.1 0
8940.75 -31396.2 0
-3267.21 -29063 0
12100.4 -25165.3 0
9320.87 -45794.2 0
674.99 -24020.5 0
15897.2 -28248.8 0
-2775.79 -43543.1 0
2071.34 -24739.8 0
-22176.2 -39759.5 0
-2256.63 -39305.2 0
-23141.9 -43194.6 0
-4062.13 -34310.4 0
-936.21 -1863.44 0
-15301.9 -29011.5 0
-4642.26 -25698.9 0
-12099.5 -22047.6 0
5901.12 -14327.3 0
5489.56 -23682.2 0
6732.82 -42445.3 0
-2453.73 -31083.4 0
-60.1609 -26680.7 0
-7451.65 -16123.7 0
7435.88 -27840.9 0
18033.5 -45465.8 0
338.429 -38613.1 0
3357.02 -32951.3 0
5666.09 -10448.7 0
-5449.58 -32225.1 0
-4715.46 -12066.4 0
15799.1 -49944.3 0
3178.88 -26727.3 0
2388.53 -33117.1 0
-814.033 -1636.26 0
-1379.3 -19466.6 0
15001.1 -27757 0
5195.62 -43602.5 0
14221.3 -25047.6 0
862.335 -30471.2 0
-7893.63 -15347.4 0
-510.382 -23718.9 0
2322.07 -37841.7 0
2306.61 -21216.6 0
998.254 -3140.67 0
5384.17 -19077.2 0
-22785.3 -44458.4 0
-4380.11 -28858.9 0
-7312.64 -18634.1 0
22950.1 -39823.8 0
-9814.78 -33780.6 0
-133.143 -20610.6 0
6917.01 -32100.1 0
5878.37 -45389.5 0
397.909 -6214.45 0
10647.9 -44118.9 0
-394.954 -12856.7 0
7496.52 -14227.1 0
-10711 -42797.4 0
1806.64 -18974.5 0
12709.1 -40003.1 0
-11197.9 -46884.9 0
-1112.77 -19895.1 0
12108.2 -39307.5 0
7007.94 -15455.8 0
-17985.4 -32369.1 0
12743.8 -36672.6 0
-3327.56 -22884.8 0
7674.45 -29743.8 0
0.553201 -28404.1 0
2434.59 -12844.5 0
22361.7 -44948.3 0
-7436.42 -28745 0
-979.142 -2801.81 0
13442.1 -35573 0
-4936.49 -37997.7 0
-3539.16 -16843.3 0
8036.2 -17575.5 0
17695.4 -40620.8 0
7116.72 -13731.5 0
-16871.4 -38913.5 0
9952.46 -35678.7 0
-245.349 -670.479 0
4295.07 -51117.5 0
-13985.4 -47544.9 0
3033.11 -9728.98 0
419.505 -2816.63 0
4094.4 -24823.9 0
-20701.4 -46346.9 0
-2102.05 -50978.2 0
3600.28 -46232.6 0
-11324.3 -27137.2 0
-4683.78 -19003.6 0
23884 -49230.3 0
-14380 -27559.5 0
4111.71 -15736.3 0
-5844.39 -31846.1 0
461.539 -5531.48 0
-5092.6 -40919.2 0
22165.8 -46301.2 0
3002.59 -23332.8 0
2284.43 -11719.7 0
-17570.6 -45756.1 0
2629.94 -13773.3 0
17908.6 -51231.5 0
-1321.01 -5331.99 0
-3447.67 -8186.77 0
3990.79 -8878.4 0
6462.69 -38822.2 0
-17245.4 -49538.1 0
21051.3 -41095 0
9292.68 -18039.8 0
-1208.65 -3451.15 0
-12628.4 -50862.9 0
-6399.12 -24557.8 0
4599.22 -29403.6 0
18842.7 -52411.8 0
225.572 -2687.42 0
18079.4 -38474.9 0
-15929.4 -47415.7 0
18950.2 -47939.1 0
-542.398 -17448.4 0
13479.3 -37168.3 0
-17080.5 -44510 0
-20067.4 -47477.6 0
8762.41 -15745.8 0
6362.58 -13970.1 0
-3503.47 -9378.06 0
8904.03 -49479.3 0
-7840.27 -17681.5 0
-14962.2 -52408.7 0
4467.8 -8220.86 0
1011.6 -10032.6 0
13255.9 -24305 0
-13245.4 -23733.2 0
12927.8 -49782.4 0
-22199.3 -49517.3 0
4200.77 -30565.4 0
22629.3 -39476 0
-7349.73 -14239.5 0
-3396.26 -11899.7 0
-15198.3 -28389.9 0
-1141.38 -27766.5 0
-7025.15 -25564.4 0
5925.94 -50707.8 0
3810.99 -35532.3 0
-7964.17 -36583.9 0
-1078.91 -2037.77 0
-320.014 -8051.4 0
2450.39 -5060.04 0
22404.4 -48978 0
-2186.67 -8488.34 0
-17413.5 -37993.2 0
-3326.9 -6508.13 0
-4814.16 -15783.8 0
-1401.26 -41193.8 0
10255.7 -42012.2 0
-8117.83 -18988.8 0
2337.91 -43475.6 0
18920.7 -44417.8 0
-20382.7 -45167.1 0
17611 -41081.3 0
11132 -42815.7 0
9499.75 -38514.5 0
13076.2 -40709.9 0
9509.72 -50509.5 0
-6910.51 -16295.7 0
3929.88 -51252.9 0
-20789.8 -36238.4 0
-10894.6 -31860.1 0
-692.59 -6833.17 0
-4649.78 -44479.9 0
-7450.13 -15645.9 0
325.827 -10378.5 0
-10296 -23143.3 0
21146.9 -46688.3 0
-14086.3 -36071.7 0
2362.17 -17625.9 0
-743.11 -18520.7 0
-6418.03 -16115.4 0
-4792.36 -14746.1 0
3762.9 -46838.3 0
-14295.8 -32173.1 0
-19682.7 -48682.3 0
-3422.38 -32257 0
3003.3 -28698 0
1623.36 -33492.7 0
11383.2 -40414.9 0
-5021.48 -14853.4 0
-2646.48 -49525.7 0
-6101.3 -18519.6 0
21043.7 -41988.3 0
-5205.61 -33277.1 0
-5206.63 -29013.2 0
-3805.59 -44180.3 0
-15515.1 -48472.6 0
-18658 -48162.4 0
11174.5 -40635.7 0
-3250.62 -31346 0
-4344.45 -35600.9 0
14452.2 -48533.1 0
-1954.42 -19772.9 0
8085.89 -30981.8 0
-27762.2 -49933.5 0
-1943.28 -3394.19 0
-15237 -30970.5 0
7092.56 -14637.4 0
-470.094 -4714.17 0
-3826.63 -9030.85 0
8834.4 -30260.6 0
1766.74 -9272.72 0
-11049.5 -25432 0
15306.6 -27274.9 0
12998.3 -42563.9 0
-22429.4 -43043.4 0
6228.68 -22529.8 0
15675.2 -43523.8 0
-2598.89 -9265.95 0
712.148 -10293.9 0
-8622.78 -31871.4 0
-21870.2 -44262 0
-3464.91 -9759.31 0
-2373.82 -9592.93 0
600.965 -3064.96 0
12340.8 -32163.3 0
4434.66 -36656.3 0
12314.7 -24089.8 0
-3340.09 -24093.3 0
7875.33 -27044 0
-61.1981 -572.397 0
11423.7 -23300.4 0
390.489 -4096.46 0
-2248.55 -39600.5 0
14601.8 -34748.1 0
2989.01 -8500.59 0
9002.64 -29524 0
-12739 -39153.2 0
-13665.1 -49760.5 0
1942.17 -11714 0
-2895.79 -6055.76 0
-19033.9 -50856.8 0
8537.12 -44707.5 0
3556.11 -6784.66 0
-5274.79 -50842.7 0
3472.59 -13176.3 0
15751.4 -28013.7 0
2759.46 -11136.8 0
-7406.94 -26339.5 0
17613.9 -51482 0
1003.35 -6536.15 0
6242.54 -13248.8 0
-8343.3 -23433.8 0
-4124.86 -14463.8 0
240.934 -11713.2 0
30.4783 -41192.5 0
-4618.51 -9978.5 0
-220.219 -2852.49 0
-10104.8 -49288.4 0
1272.63 -2958.16 0
-24112 -47552.3 0
4070.48 -47471 0
-21027.6 -43019.5 0
4778.15 -17855.5 0
-9302.03 -33028.3 0
-16634.8 -51051.1 0
1312.79 -7155.51 0
-19732.7 -47531.4 0
660.058 -21809.3 0
1955.75 -36101.8 0
2640.92 -8892.82 0
965.235 -4925.34 0
16783 -30504.4 0
-2288.04 -43537.9 0
10185.1 -29647.8 0
178.46 -34385.5 0
14839.7 -42644.3 0
6430.49 -48413.1 0
-16849.6 -42384.2 0
6351.14 -40078.7 0
-17995.9 -41500.7 0
9014.5 -39153.7 0
-4513.27 -26503.1 0
-10903.5 -33221.2 0
1190.82 -20189.1 0
-11685.4 -22930 0
771.168 -33721.1 0
10176.3 -18101.8 0
-1523.93 -7085.22 0
12998.6 -27425 0
6313.25 -34237.6 0
-16279.4 -44752.2 0
-2320.65 -39797.2 0
-8221.88 -44414.8 0
-84.681 -17192.4 0
1344.89 -49267.1 0
12888.4 -28537 0
4372.81 -30877 0
-12905.3 -31302.5 0
-23791.3 -42461.6 0
-4117.18 -10080.9 0
-9520.17 -21530.2 0
14886.7 -50926 0
-6067.13 -29667.1 0
17026.9 -45724 0
1751.02 -3874.34 0
-250.13 -26222.7 0
9344.91 -22182.9 0
908.244 -1798.67 0
3645.79 -35120.6 0
2131.06 -44040.5 0
-12567.3 -31536 0
443.911 -16261.2 0
1649.42 -6491.41 0
10814.1 -47391.8 0
-18338.3 -46131.3 0
-17816 -52385.2 0
5924.04 -29458.2 0
-3084.67 -32064 0
-2429.31 -11253.9 0
2185.56 -12103 0
1188.6 -8431.65 0
2121.91 -35208.4 0
-3187.22 -8947.64 0
-15194.4 -41005.4 0
7071.61 -16743.6 0
-5712.52 -24113.7 0
319.207 -17069.1 0
12933.6 -37755.1 0
3343.93 -47723.9 0
-9188.71 -47345.5 0
12785.9 -22375.9 0
-13748.3 -35708.3 0
2878.07 -42850.7 0
-13413.9 -42761.8 0
8359.85 -20936.4 0
-2052.49 -45202.5 0
7901.01 -43945.9 0
-5122.71 -13431.7 0
10540.8 -39334.4 0
623.839 -34350.4 0
-6755.01 -36759.9 0
-397.344 -3853.68 0
11117.4 -50637.8 0
-2337.81 -51945.6 0
-23.6979 -1282.02 0
2726.9 -41981 0
6900.18 -24878.2 0
-5775.76 -11725.9 0
-15128.4 -41898.1 0
20068.8 -37493.5 0
14551.2 -25755.5 0
-4706.5 -18720.1 0
-20499.9 -46239.9 0
-9125.9 -29207.2 0
-13127.1 -43847.9 0
-22289 -51859.9 0
3828.92 -34401 0
1571.23 -5126.04 0
1990.44 -20935.6 0
6135.63 -20300.4 0
14335.5 -49211.8 0
2483.13 -31114.6 0
-8211.8 -32117.3 0
-4534.36 -14635.2 0
-13673.5 -25629.9 0
590.995 -8094.2 0
-9377.46 -46502.4 0
19209 -48562.8 0
27308.5 -52399.3 0
10185.9 -32775.8 0
1509.29 -34722.4 0
1278.7 -7921.31 0
11152.8 -23848.7 0
-837.745 -41837.3 0
-631.947 -2648.66 0
6934.73 -51348 0
-5011.32 -46621.3 0
-9585.9 -24300.9 0
-11215 -41726.9 0
2250.48 -33920.4 0
-111.951 -12167.1 0
5844.85 -20513.8 0
-19592.9 -39396.8 0
-9491.15 -50606 0
-11544.9 -51262.8 0
10161.4 -17752.5 0
-3804.89 -28764.4 0
-18878.8 -34761.8 0
919.461 -39688.8 0
14960.9 -38757.7 0
-1083.69 -6046.38 0
-10663 -23555.3 0
-2541.26 -8970.16 0
-12211.2 -31731.7 0
-13292.4 -23045.7 0
-2031.78 -25400.1 0
-3228.92 -25338.8 0
12116.3 -44163.7 0
19187.9 -43397.2 0
-2556.6 -25381.3 0
6783.22 -20283.8 0
1401.98 -8321.5 0
-160.763 -3257.08 0
-9538.71 -40704.4 0
4152.26 -16543.2 0
6367.96 -29992.3 0
-7266.5 -28030.2 0
-10979.5 -38708.7 0
16404.4 -37261.3 0
1743.2 -24013.9 0
3486.31 -22673.1 0
207.146 -12207.1 0
-4918.52 -33003.7 0
-3503.26 -17763.1 0
9484.99 -50952.9 0
535.054 -12643 0
-11025.6 -38942.5 0
-2941.8 -25849.9 0
-3114.99 -38038.5 0
-8048.4 -17575 0
-8427.62 -39168.9 0
-13103.4 -24841.5 0
-8749.92 -32437 0
6264.34 -36369.5 0
19444.6 -43068.5 0
7779.79 -21640.7 0
5439.95 -21819.9 0
-27073.7 -51232.9 0
5166.64 -11405.8 0
7347.35 -16554.5 0
2727.66 -19312.2 0
18978.1 -39700.8 0
1968.05 -13438.9 0
-2621.8 -21293.8 0
-8719.36 -23963.2 0
8173.82 -23875.3 0
13785.3 -25568.3 0
6214.72 -16129.1 0
2387.07 -41879 0
9904.25 -26183.9 0
18229.1 -41402.6 0
8615.46 -31046.4 0
-10903.8 -41376.5 0
16034.9 -35242.3 0
-23740.1 -47382.4 0
-18.8678 -1741.73 0
-4877.25 -30734 0
-19774.9 -44727.2 0
-18894 -41138.6 0
1806.85 -45138.4 0
803.309 -5569.78 0
-2047.44 -29234.2 0
1112.69 -19985.3 0
-5354.63 -18168.7 0
6508.62 -16472.7 0
3417.22 -5977.75 0
27230.8 -47706.1 0
23540.9 -43016.1 0
12216.3 -25679.8 0
5723.93 -15623.7 0
27450.6 -49963.2 0
-10884.9 -23021.5 0
4048.86 -9315.94 0
-9011.21 -24517.4 0
20267 -44234.3 0
487.332 -20874.4 0
5566.27 -30427.1 0
-3818.49 -32119.2 0
7198.29 -22135.2 0
7333.95 -47798.8 0
-5330.06 -23450.2 0
5731.08 -15037.9 0
-14388.2 -44649.6 0
-19841.1 -38486.3 0
-19849.3 -48820.9 0
-3895.81 -17497.7 0
-2582.36 -11946.3 0
-20470.7 -45380.8 0
1071.59 -22945.6 0
5302.81 -12100.9 0
6739.92 -15721.7 0
10785.3 -40343.1 0
4109.57 -23646.7 0
6012.04 -19152.2 0
-4230.73 -7898.74 0
-11426.5 -46753.2 0
13001.7 -31584.9 0
-4324.53 -9359.27 0
3008.43 -10647.1 0
9153.14 -16299.8 0
707.258 -27141.2 0
-18856.1 -46713.2 0
6600.86 -36868.3 0
8064.69 -26750.6 0
13145 -26241.5 0
-11500.5 -34866.6 0
-334.608 -28376.7 0
-2395.05 -21852.3 0
-13891.3 -25826.3 0
1574.85 -48100.7 0
5414.76 -31133.3 0
-5556.27 -12453.5 0
-3852.54 -37743.1 0
6141.41 -33931.2 0
19822.2 -44713.8 0
-3750.88 -34301.1 0
-884.446 -10637.7 0
-10603.1 -19640.4 0
-9852.53 -27443.7 0
17301.8 -32883.8 0
6216.24 -26716.9 0
-2964.18 -6267.4 0
2091.18 -6151.91 0
6430.02 -14498.5 0
-250.459 -16220.9 0
1210.2 -9420.16 0
10846.4 -29721.2 0
6492.52 -12391.6 0
-9698.85 -21075 0
9030.27 -33866.5 0
6731.67 -33220.7 0
7080.9 -23845.9 0
-25530.3 -45184.6 0
1217.22 -49938.5 0
-17902.5 -49069.5 0
19231.3 -48998 0
-6150.43 -28470.5 0
-3819.77 -6985.7 0
29859 -51761 0
-773.312 -5279.65 0
-6582.89 -46148 0
-7919.03 -47875.5 0
-489.137 -3217.17 0
-1308.98 -22136 0
-17008.2 -49945.1 0
-8988.87 -19451.2 0
6696.45 -27604.5 0
-4361.8 -35256.3 0
-7175.2 -40663.5 0
-9532.55 -19385.9 0
1227.2 -3643.2 0
-1754.32 -10269.2 0
-15274 -39918.1 0
9538.45 -19304 0
5574.87 -16191.5 0
-2045.39 -5370.69 0
-5915.44 -30334.7 0
-16635.9 -43078.5 0
854.345 -3533.22 0
21203.9 -44651.6 0
-3626.83 -39382.9 0
-11008.9 -47040.1 0
-10218 -35877.2 0
-493.256 -18146.6 0
8152.11 -15239.2 0
-2694.11 -18496.6 0
-1445.82 -31144.4 0
-11742.1 -20870.5 0
18860.3 -46616.2 0
218.423 -1173.98 0
124.899 -4246.47 0
6349.17 -23553.4 0
-11111.5 -26847.3 0
-11518 -51827.6 0
7198.38 -33994.4 0
-2797.63 -8180.24 0
-2778.75 -36051 0
-11469.4 -26332.9 0
6667.6 -11703.5 0
14231.7 -28400.2 0
-9152.68 -41246 0
10879.6 -22877.8 0
-7857.44 -22044.5 0
-1022.51 -28199.2 0
-26311.7 -49800.9 0
-8803.87 -18154.1 0
-3912.65 -29855.8 0
21999.8 -45907 0
-267.98 -2079.18 0
-7856.83 -38957.3 0
-18216.7 -32278.3 0
11352.8 -31396.9 0
206.731 -7461.65 0
1050.28 -25345.4 0
-18911.8 -52459.2 0
-7859.34 -14308.4 0
3282.06 -31077.9 0
2832.72 -31922.9 0
2596.85 -40127.7 0
4202.79 -34457.8 0
-3195.03 -13082 0
1724.04 -5916.28 0
-259.502 -877.33 0
2517.18 -46429.1 0
-1665.1 -23469.6 0
5320.52 -18323.2 0
-8460.99 -29266.2 0
-6766.63 -21435.9 0
4642.13 -48925.7 0
-2450.21 -14101.2 0
-20243 -50656.6 0
18481.2 -41866.4 0
-10767.8 -43998.2 0
-10962.2 -28098.4 0
11395.2 -40776.5 0
21208.3 -39511.9 0
-4765.75 -9743.06 0
-15929.7 -36550.4 0
29414.6 -52598.8 0
6657.97 -18446.9 0
-2175.34 -7206.54 0
9582.53 -40742.6 0
8229.46 -33210.4 0
-5426.77 -10904.7 0
1491.52 -19403.4 0
-5624.58 -18717.7 0
2495.7 -17255.7 0
-2.09949 -45266.7 0
13235.2 -26471.2 0
11506.6 -45589.1 0
5214.2 -22431.6 0
-9621.9 -25609.6 0
16193.2 -32473.7 0
16761.8 -52081.3 0
2432.86 -40777.6 0
-19702.4 -43002.7 0
21833.9 -38414.6 0
-13198.2 -26939.2 0
6085.83 -11059.8 0
13936.3 -45947.3 0
-10738 -29887.5 0
5137.37 -14780.6 0
15869.1 -28562.8 0
17170.8 -30653.6 0
4714.43 -18520.6 0
2681.48 -32432.2 0
-16110.3 -52262.4 0
10977.7 -45585.8 0
1780.97 -34313.9 0
1654.17 -37316.6 0
-7049.86 -23488.1 0
17002.3 -35561.8 0
-4778.31 -9407.35 0
17842.3 -44533.6 0
-338.812 -26906.1 0
-7799.23 -41980.6 0
529.704 -1315.07 0
-537.115 -24792.7 0
4704.13 -32367.8 0
-1292.29 -15753.5 0
3158.71 -38982 0
4206.24 -24332.2 0
-16744.2 -31670.1 0
-18726.6 -37202.1 0
-7.94399 -14629.1 0
15851.2 -29483.8 0
-4551.93 -50549.4 0
-9322.15 -39303.1 0
4121.84 -37459.7 0
1063.59 -4649.14 0
1256.87 -35259.7 0
22003.6 -39205.4 0
1341.94 -24900 0
3906.7 -6772.65 0
-18163.1 -35983 0
-9186.71 -34637.6 0
12951.8 -43832.9 0
15356.9 -42629.7 0
-3049.52 -14541.5 0
-18861.4 -48623.7 0
-9165.86 -44739.6 0
-17120.2 -31555.8 0
6249.12 -34495.7 0
-20356.4 -35328.7 0
-2527.5 -14380.3 0
-12993.7 -33185.4 0
-6764.22 -39538.9 0
6632.46 -38383.4 0
6087.98 -13508.8 0
-14536.4 -32809.7 0
10968.1 -33486.3 0
4501.68 -38153.6 0
1248.7 -12971.1 0
2493.96 -37419.8 0
4479.01 -13544.4 0
-15444.3 -46483.5 0
22512.4 -49796.6 0
5358.4 -13524 0
4256.65 -9000.86 0
4785.16 -35251 0
10163.3 -30774.6 0
1804.96 -5030.18 0
4359.37 -23079.6 0
192.295 -17652.9 0
-2997.46 -5430.92 0
177.663 -35375 0
4280.72 -18337 0
18061.1 -52456.9 0
-17197.1 -40384.9 0
26855.8 -51186.7 0
23032.1 -41930.1 0
23325.7 -49587.3 0
15167.4 -29706.2 0
-637.924 -45913.6 0
-8137.34 -17381.2 0
14243.2 -37896.1 0
-8319.92 -30594.3 0
-20783.4 -41044.3 0
1381.44 -4076.51 0
7068.38 -17913.2 0
5595.87 -34680.1 0
3771.04 -28283.9 0
-444.969 -45110.4 0
-5833.4 -17424.7 0
2103.17 -9054.28 0
-10837.3 -40997.7 0
4677.44 -9424.63 0
1201.25 -5078.55 0
7445.74 -48281.8 0
-3061.03 -29592.7 0
-1250.67 -39371.1 0
-15549.8 -27664.6 0
-4975.88 -49780.3 0
-5499.67 -13882.7 0
16314.4 -43636.2 0
4510.03 -19685.7 0
-24019.7 -48322.9 0
-14116.5 -28500.2 0
18899.8 -43658.5 0
3714.95 -32384.1 0
315.272 -3848.51 0
3821.91 -9662.33 0
-895.865 -10230.2 0
20.5721 -16680.9 0
-3835.33 -7303.29 0
5.58451 -5940.16 0
-12363.7 -22683.5 0
-2098.03 -4674.44 0
12698.3 -31405.2 0
678.086 -27541.8 0
132.76 -13772.5 0
476.195 -5282.77 0
-5904.99 -26430.9 0
-9401.73 -36332.2 0
-2359.74 -40950.1 0
3786.96 -12249.2 0
5512.46 -16584.3 0
-788.345 -51338.6 0
12133.2 -24289.4 0
-223.001 -2391.99 0
-11500.6 -21276.2 0
14138.5 -30315.6 0
10589.1 -27490.9 0
-8919.51 -20003.3 0
9139.37 -40642.9 0
-16174.7 -39735 0
4340.53 -34735.5 0
-3071.9 -24428.6 0
3362.51 -10857.3 0
3312.83 -16207 0
-3314.23 -6206.74 0
2658.43 -40615.9 0
-2767.64 -4954.85 0
1972.1 -20716.1 0
-3054.67 -41837.4 0
1813.19 -8415.71 0
-1187.95 -9053.08 0
-11240 -28647 0
16861.9 -43119.3 0
-6092.44 -13022.1 0
-18063.4 -49634.1 0
-4180.02 -52063.1 0
-10156.5 -25735.1 0
11585 -21337.3 0
-2420.4 -32577.5 0
-11738.2 -24218 0
2768.88 -9766.36 0
-8775.38 -45282 0
1597.33 -10404.8 0
947.14 -44217.5 0
-3944.53 -41583.1 0
5109.57 -50388.1 0
2177.26 -44780.8 0
-6967.91 -30918 0
-16184.2 -40501.2 0
-14600.7 -39291.4 0
6777.78 -20030.1 0
3779.64 -16341.7 0
9673.03 -27583 0
-1589.96 -26572.7 0
5794.8 -45841.5 0
-5040.65 -15334 0
19109.7 -39182.9 0
-3585.15 -35661.9 0
-5082.05 -27774.7 0
-10548.7 -30498.5 0
3687.51 -20475.6 0
-1750.28 -8586.22 0
-14853 -43160.7 0
4193.62 -48666.4 0
547.226 -47337.8 0
16220.2 -52267 0
-2203.99 -37017.2 0
2496.42 -6422.87 0
2064.53 -4027.77 0
-23865.1 -51776.7 0
-9972.93 -22816 0
3694.57 -24921.8 0
2820.1 -50011.4 0
-2835.43 -7757.46 0
5478.47 -40750 0
17818.8 -38421.2 0
-9654.99 -23019.3 0
-4911.97 -24485.6 0
3735.23 -9108.41 0
-2095.77 -18094.6 0
-792.339 -50635.3 0
8573.92 -18742.2 0
23615.6 -46775.9 0
9765.36 -30063.6 0
-1481.68 -5885.75 0
-20314.9 -50280 0
-915.119 -21122.7 0
14694.4 -44413.8 0
11006.6 -39637.4 0
3942.99 -8122.77 0
12116.5 -22237.7 0
26030.2 -47157 0
2642.27 -9938.84 0
15500 -29488.7 0
4855.1 -24183.9 0
18559 -33057.7 0
-1555.73 -15300.6 0
7564.88 -31726.6 0
-11031.8 -28305.9 0
3945.96 -44440.8 0
-283.432 -2612.02 0
-5204.75 -11114.5 0
16437.8 -48370.6 0
17475.1 -41737.4 0
25466.4 -45309.5 0
12060.8 -27187.8 0
-21990.4 -47482.4 0
-21942.4 -41689.4 0
-4311.47 -40489.6 0
-1705.1 -7230.87 0
-7799.14 -24564.1 0
6125.65 -47689.9 0
4996.7 -13689.1 0
-11341.4 -37660.4 0
-476.899 -4175.52 0
15380.7 -29848.1 0
-19597.8 -37462.9 0
4163.91 -12847.7 0
-709.929 -3943.05 0
-11550.8 -42755.8 0
7827.48 -31056.9 0
13071 -25595.4 0
-304.442 -34488.5 0
-6837.55 -42751.7 0
-7677.93 -24903.9 0
11803.1 -34883.6 0
-104.425 -46558.2 0
-11448.4 -30608.4 0
-1538.32 -38097.5 0
-984.725 -39273.9 0
11713.6 -28834.9 0
-1171.85 -6984.53 0
-1256.36 -4510.64 0
-17428.8 -31641.4 0
3072.46 -45632.4 0
715.582 -3313.69 0
8994.7 -31202.1 0
-724.118 -35223 0
-2920.42 -17892.8 0
813.379 -49046 0
-320.06 -6533.63 0
-3379.39 -52180.6 0
19513.7 -38137.6 0
5743.54 -30824.5 0
-1033.43 -23015.7 0
3537.22 -47094.8 0
-1497.61 -20589 0
11655.8 -24825.4 0
6378.25 -14770.5 0
6358.93 -23789.4 0
-17792.4 -36967.3 0
-3435.04 -31721.5 0
11772.8 -38622.8 0
8679.99 -22852.7 0
-4082.08 -16828.6 0
-1812.38 -12880.9 0
1741.46 -7096.07 0
-1505.5 -18259.1 0
20925.6 -47381.6 0
9264.77 -32766.7 0
6591.17 -39105.7 0
8292.89 -23429.9 0
-24358.2 -48748.1 0
-11663.6 -25044.3 0
-4330.14 -52482.9 0
-6333.41 -15010.9 0
-5713.24 -23101.3 0
1786.56 -32219.3 0
13416.6 -25543.4 0
-8734.67 -21599.4 0
522.756 -1757.69 0
26155.3 -47905.3 0
7673.72 -48148.3 0
-8654.31 -42184.1 0
4901.38 -23229.8 0
-4311.62 -16568.6 0
-3737.47 -31716.3 0
17939.6 -45269.2 0
-23350.4 -44184.7 0
-2387.54 -9977.79 0
-8308.45 -25475 0
-868.053 -26573.4 0
-1721.24 -27059 0
-10175.4 -37679 0
-27480 -51590 0
-7714.91 -15817.7 0
-7341.62 -26643.7 0
-5781.34 -52635.7 0
6904.22 -13934.3 0
-24644.1 -52083.4 0
10411.3 -18047.8 0
2874.86 -9516.5 0
-19104.9 -44065.9 0
-5212.21 -9343.39 0
-6665.38 -14150.9 0
1886.23 -6604.71 0
-6022.6 -25923.5 0
-9150.04 -19877.4 0
-1682.67 -13993 0
3504.03 -23162.3 0
1744.19 -22275.9 0
7809.57 -20101.7 0
1522.05 -46682.4 0
-1488.15 -47690.1 0
6037.75 -12455.6 0
849.125 -2302.27 0
-25038.4 -45301.1 0
-1734.14 -5665.91 0
-20506.4 -47228.5 0
8462.37 -14944.7 0
17545.2 -42582.5 0
-1030.26 -9379.69 0
562.924 -35324.6 0
2156.36 -9396.05 0
8275.59 -15567.8 0
526.148 -3442.92 0
649.287 -6961.73 0
11083.4 -29591.2 0
-6773.09 -40754.4 0
1380.75 -21874.4 0
1539.3 -47180.2 0
3531.14 -27128.7 0
-5825.34 -18433.8 0
3885.98 -24198.7 0
15267.1 -27471.1 0
16368.8 -49137.6 0
7701.73 -26366.5 0
9100.44 -19914.1 0
21428.4 -50973.1 0
-1926.35 -26690 0
-12937.4 -42335.8 0
5462.91 -50791.7 0
-10544.7 -30109 0
-3980.92 -23125.2 0
11684.1 -37391.5 0
-16551.8 -44015.6 0
-10178.4 -27499.4 0
-5201.34 -29695.1 0
-1233.18 -14765.1 0
22183.4 -38863.4 0
10469.6 -23717.3 0
-2775.83 -23737.7 0
-1234.66 -4309.6 0
580.241 -34690.2 0
-918.515 -21792.5 0
950.73 -15105.5 0
-21648.6 -37795.9 0
-4801.14 -8789.74 0
-14083 -43178.7 0
-12145.6 -30059.6 0
2018.9 -46907.8 0
9161.47 -25001.7 0
-3024.05 -30282.8 0
3202.31 -38680.9 0
448.79 -5748.01 0
-2267.77 -46708.4 0
-6252.93 -27063.9 0
5291.44 -41288.1 0
-5234.81 -17216.6 0
-5653.78 -51349.4 0
3878.62 -13475.8 0
-14463.9 -52327.7 0
2233.67 -39292 0
-898.156 -8040.99 0
-8460.47 -28889.7 0
-20627.9 -35934 0
4412.55 -46005.1 0
-2657.16 -39071 0
637.593 -39706.1 0
3159.39 -20150.9 0
4582.53 -24876.4 0
-6027.06 -48788.6 0
-694.071 -15104.8 0
-19634.9 -40612.4 0
-3620.9 -12829.6 0
14683.3 -26739.4 0
-1499.69 -5649.45 0
16127.9 -38545.5 0
5961.96 -23180.4 0
-26304.1 -47401.5 0
-3505.42 -35231.9 0
17336.1 -44648.2 0
-4898.27 -42796.9 0
12012.7 -50086.1 0
22264.9 -42873.4 0
990.93 -10550.5 0
-20793.2 -45752.1 0
-11250.2 -33465.5 0
2068.55 -3629.77 0
-10739.8 -43370.3 0
-1453.85 -36981.9 0
-3646.14 -41194.5 0
2690.56 -26116.7 0
-12603.3 -22609 0
7403.14 -23514.6 0
-11716.3 -29098.6 0
-10078.8 -50199.7 0
-5944.74 -23792.9 0
7063.8 -39481.8 0
2470.07 -40405.8 0
2758.87 -33498 0
12521.3 -49919.6 0
-2639.26 -11690.6 0
-1991.68 -42727.4 0
-10179.3 -25366.7 0
-4079.84 -8151.87 0
19753.5 -47621.7 0
-6965.21 -48644.2 0
-16617.2 -37514.3 0
3516 -22091.9 0
-8305.34 -17574.5 0
-15982.9 -29646.2 0
-6770.41 -34980.2 0
-15739.2 -52135 0
6523.16 -25125.8 0
-4293.09 -11249.5 0
-4162.89 -15643.2 0
-412.091 -18749.3 0
-1887.12 -21465.7 0
-4479.42 -31342.4 0
8197.08 -27130.8 0
-8202.83 -24875.7 0
13599.1 -50608.6 0
16672.6 -31568.1 0
-21356.2 -37264.7 0
3625.88 -8038.09 0
-3737 -40146.1 0
-18276 -33062.3 0
-12890.1 -32789.4 0
7335.87 -19201.8 0
-20354.3 -36167.6 0
5434.27 -45949.7 0
1257.4 -26761.7 0
2514.78 -29809.8 0
-4.51962 -36151.1 0
12556.3 -48949.7 0
584.897 -9169.27 0
14971 -27314.8 0
7258.69 -46743.7 0
19272.4 -43947.3 0
-6702.19 -44672.8 0
-8511.23 -20706.7 0
-3488.19 -44847.1 0
19006.5 -36008.8 0
8630.45 -31930.9 0
-5309 -14366.3 0
-18158.4 -45703.5 0
1934.99 -13068.4 0
9747.26 -31476.7 0
-10942.4 -47826.1 0
582.001 -43220.9 0
1925.84 -38998.3 0
8372.42 -43445.1 0
-2295.68 -21346.5 0
-10860.9 -32240.5 0
2194.95 -19852 0
-2179.95 -15755.1 0
-317.001 -14403.6 0
-15980.7 -40872.6 0
-12667.5 -46416.1 0
-3072.92 -17455.1 0
-12485.3 -35482.8 0
-17106.8 -38280.3 0
-6955.95 -38635 0
7687.06 -46254.2 0
-11419.6 -50202.6 0
-14175.3 -40103.3 0
-8264.76 -21749.9 0
8336.79 -37515.2 0
6485.92 -51437.8 0
-8001.68 -51990.4 0
2193.05 -21557.5 0
-2920.73 -5086.76 0
10126.5 -20485.9 0
-17119.8 -31905.6 0
-6937.38 -17920.8 0
-1745.49 -29023.8 0
-11323.5 -35831.1 0
-26908.7 -46715.3 0
18631.2 -32811.9 0
5245.87 -20450.4 0
-340.06 -23351.8 0
-4526.6 -22887 0
-4994.02 -34368.3 0
22220.6 -51986.4 0
-9422.62 -49201.7 0
-4280.4 -20779.9 0
-2311.93 -27458 0
23174.8 -47729.9 0
-135.369 -6667.57 0
-8055.2 -28143.1 0
6854.87 -11971.3 0
-18107.7 -40936.3 0
2778.63 -35658.9 0
-20882.7 -49762.5 0
13927.6 -25831.5 0
-1120.04 -26152.8 0
-1432.55 -23476.5 0
3185.41 -19652.7 0
-13510.7 -35378.8 0
-6445.19 -34132.4 0
20452.6 -51688.6 0
-2217.54 -5239.48 0
-5659.64 -29759.8 0
19526.7 -50766 0
1045.18 -3428.06 0
-707.357 -14676.7 0
-8925.68 -20974 0
1910.92 -26529.7 0
17668.2 -34999.8 0
-1825.53 -23043.6 0
2756.12 -17061.1 0
-5354.26 -41648.4 0
16652.1 -39054.2 0
-14298.7 -42362.1 0
1634.91 -16691 0
4907.79 -22312.6 0
-1681.6 -9626.47 0
6154.21 -49736 0
-6702.77 -13381.9 0
8000.87 -15016.6 0
-1605.02 -4800.31 0
7466.23 -45623.7 0
797.47 -36543.5 0
1717.18 -3111.24 0
-4692.37 -16129.3 0
12476.3 -34760.3 0
20393.3 -38308.8 0
-1916.72 -9304.51 0
-673.883 -9472.36 0
-10880.9 -45338.1 0
2171.93 -22603.5 0
2781.48 -18537.6 0
-4114.14 -9017.56 0
12561.9 -27461 0
-21600.1 -49686.4 0
1188.12 -20514.8 0
3685.45 -7316.07 0
-6246.22 -13960.9 0
-7227.52 -32501.3 0
-15718.3 -41056.6 0
5487.94 -25302.3 0
-938.321 -4878.97 0
-3065.46 -27635.6 0
5110.84 -16420.3 0
-4356.76 -33415.5 0
7890.94 -18108.8 0
-9767.9 -49996 0
-1061.1 -25144.5 0
-19013.5 -41487.7 0
6796.49 -12942.5 0
-1101.79 -40451.7 0
-2258.39 -4386.68 0
-2516.39 -41665.1 0
-10033.2 -23182.4 0
7694.87 -28532 0
26103.9 -48692.5 0
-4518.42 -52224.3 0
-12264.1 -42857.1 0
8781.89 -41235.3 0
-17333.9 -44785.2 0
-26353.2 -49211 0
12024.5 -40621.1 0
10941 -25830.7 0
4917.18 -40539.6 0
-5383.63 -35141.4 0
-9922.87 -26453.2 0
-27602.8 -47856.9 0
26829.6 -52528.6 0
7317.08 -21172.6 0
1070.62 -2947.73 0
-13121.9 -29627.4 0
3846.73 -14652.5 0
-3177.06 -21257.2 0
4404.97 -44301.6 0
3545.71 -7554.91 0
11851.1 -30238.7 0
4089.51 -12189.9 0
14600.7 -35222 0
-17540.3 -38300.3 0
27824.9 -48691 0
-1382.45 -29739.1 0
-7559.36 -46728.5 0
8000.09 -42112.1 0
-17971.5 -44343.4 0
3855.14 -10422.1 0
7542.74 -25214.5 0
3448.97 -46793.7 0
-6412.67 -22150 0
10317.2 -18609.3 0
-6449.44 -39580.1 0
-427.626 -13428 0
-7524.51 -33167.1 0
7220.14 -15596.3 0
-751.525 -40028.4 0
-15911.4 -41241.8 0
11305.5 -49024 0
-3650.16 -51462.9 0
1973.16 -16336.7 0
-11236.2 -21037.1 0
-6948.21 -15132.3 0
4412.66 -18935.1 0
6820.58 -42126.5 0
-1223.16 -8390.32 0
1685.9 -7973.33 0
4805.21 -9901.39 0
5719.16 -18071.4 0
-23566.9 -44968.2 0
7958.14 -27528.6 0
10909.7 -42101.9 0
7719.83 -25975.5 0
-7352 -21448.5 0
-21973.4 -47068.9 0
-3611.45 -26788.5 0
17800.3 -31280.7 0
354.666 -1469.49 0
12041 -29149.6 0
-958.487 -22819 0
4681.22 -13086.5 0
11066.2 -29088.6 0
4197.3 -35572.5 0
-25304.5 -47798.4 0
-11743.2 -44352.1 0
-8165.79 -19877.2 0
-6564.21 -29664.3 0
-22463.9 -49323.3 0
23914.4 -43598.1 0
21908.1 -47006.7 0
-2616 -15165.3 0
17168.3 -45289.7 0
-13795.6 -25436.1 0
-12513.8 -36681.5 0
-11052 -22577.4 0
-3462.64 -16567.9 0
12675.2 -32498.2 0
-798.78 -44097.6 0
-7474.4 -34118.7 0
-3639.43 -32233.9 0
-16913.6 -40992.9 0
696.138 -25259.9 0
5121.25 -33145.7 0
20180.6 -46402.8 0
-3435.06 -12606.7 0
-14926.6 -29862.9 0
-4893.35 -11746.5 0
-6704.55 -21983.2 0
8859.96 -29795.5 0
10910.2 -21264.5 0
6162.23 -20066.1 0
23931.7 -49928.1 0
-18682.2 -39150.9 0
14272.4 -33639.5 0
-12183.1 -29795.5 0
-2996.07 -20586.6 0
17739.7 -32420.1 0
7702.01 -15195.7 0
-12752.9 -49653.5 0
-5116.31 -28555.5 0
-1865.35 -6212.35 0
5182.87 -9229.28 0
-5.70703 -46997.1 0
6917.34 -35456.7 0
-12679.7 -32059.5 0
-5140.37 -15567.2 0
-8678.86 -19314 0
-6060.4 -27217 0
3240.36 -16020.6 0
-3215.07 -14998.6 0
146.386 -33935.9 0
-9011.67 -17042.8 0
199.965 -621.42 0
11000.6 -27108.5 0
-22161.2 -43318.7 0
-12434 -32271.8 0
14121.1 -38235.7 0
9405.67 -21463.4 0
-2669.56 -24077.1 0
13356.5 -26640.5 0
3363.02 -10083.4 0
-9021.24 -15757 0
5912.21 -48315 0
-5837.11 -28860.4 0
-150.135 -20088 0
10460.5 -45686.1 0
-1339.66 -52487.7 0
2281.9 -10564.5 0
12435.4 -46402.1 0
-7339.92 -38479.5 0
-14464.8 -40956.8 0
-5109.23 -15998.9 0
15450.7 -34398.9 0
610.568 -11239.1 0
248.677 -15180.2 0
-21569.5 -44711 0
-8655.97 -49138 0
4439.74 -39475.5 0
-1731.15 -47549.6 0
-4254.55 -30597.7 0
14242.3 -31778.3 0
1275.09 -14267.7 0
-21964.4 -49842.3 0
892.155 -51959.7 0
17477.7 -39299.9 0
-8996.78 -42540.9 0
5208.68 -24651.5 0
17721.9 -43296.1 0
4817.25 -50717.1 0
1734.43 -13631.7 0
2126.02 -31732.4 0
6521.81 -20147.6 0
597.828 -23338.2 0
3355.41 -38031.8 0
-12308.4 -52501.6 0
6814.47 -47934.4 0
12601.8 -48651.8 0
13889.9 -36445.3 0
-2115.66 -14016.5 0
916.117 -13825.8 0
-24019 -41886.9 0
-2549.18 -35971.4 0
2391.37 -15209.3 0
223.481 -12934.1 0
1171.34 -18255.3 0
-16123.2 -30247.3 0
13420.9 -45117.3 0
-4332.51 -37671.2 0
-7148.63 -19112 0
-4886.13 -8481.04 0
-9951.98 -24387.7 0
12195.2 -44713.3 0
5690.38 -23839 0
5835.32 -47800.7 0
627.872 -10752.4 0
-6411.43 -14126.2 0
-5911.74 -20737.8 0
4659.24 -32805.8 0
10108.5 -22595.8 0
-689.654 -3575.32 0
4878.2 -18762 0
-15287.7 -50812.2 0
4087.8 -28643.6 0
-5027.11 -39257.2 0
-10995.2 -30698.3 0
853.467 -30015.1 0
2840.13 -46229.8 0
3139.6 -8211.76 0
-14341 -30719.6 0
-6439.99 -17310.3 0
-920.262 -3905.63 0
-4671.69 -39687.5 0
1429.71 -6179.91 0
1543.19 -9627.03 0
-6465.57 -49629.3 0
-2952.05 -15242.9 0
1739.44 -9942.36 0
-2783.38 -26494.8 0
-11546.9 -29513.8 0
1865.86 -40116.5 0
310.91 -38130.4 0
-11796.1 -38833.6 0
17213.5 -35499.5 0
9863.49 -24346.7 0
-13673.1 -28455.1 0
-2884.43 -17351.7 0
-6194.13 -39639.6 0
-648.485 -18315 0
4088.3 -7777.4 0
11108.7 -32756.9 0
9541.85 -31701.1 0
-5746.86 -38892.2 0
12577.6 -23062.9 0
-11855.1 -32512.8 0
12006.4 -28503.4 0
5188.56 -13157.8 0
-8336.08 -23065.6 0
-6785.59 -42356.4 0
23160.6 -43760.4 0
-18046.2 -31806.4 0
7174.19 -27213.4 0
-28024.3 -52530 0
22403.5 -43927 0
475.51 -18855.1 0
-1339.91 -30415.5 0
9528.07 -36719.2 0
-16480.4 -34106 0
-21175.8 -52340.1 0
6676.72 -17081.3 0
-8745.84 -40437.9 0
5093.63 -15053.8 0
-253.769 -49767.8 0
7223.34 -18075.7 0
11002.1 -35358.4 0
-16905.5 -46581.5 0
3034.33 -6494.25 0
3542.11 -26600.8 0
-385.229 -5114.22 0
15487 -48739.8 0
17606.8 -35345.7 0
-6074.18 -15484.8 0
7064.99 -25772.8 0
15785.7 -30642.6 0
5709.48 -26713.7 0
-4091.21 -34045.7 0
2944.43 -10150 0
-11273.8 -31656.8 0
-10716.8 -22701.6 0
-21384.7 -42811.5 0
-4035.56 -51597.4 0
2993.11 -22094.1 0
2284.84 -15425.3 0
-10765.3 -34508.8 0
18434.4 -52302.8 0
-5848.52 -11304.4 0
-1221.15 -49446.6 0
-4816.83 -39199.6 0
-4192.86 -29798.7 0
21942.5 -38887.4 0
-8375.76 -48385.2 0
-2306.26 -23835.3 0
-3582.63 -13115.4 0
25328.4 -44375.8 0
-6243.3 -10890.6 0
-3403.95 -50125.7 0
-11324.1 -26846.1 0
-16901.1 -31993.1 0
-5479.35 -24882 0
-10580.3 -38669.3 0
6017.03 -12991.6 0
1439.35 -7341.53 0
22298.7 -46017.1 0
-2837.61 -31846.3 0
7299.07 -39480.5 0
13742.4 -51364.6 0
-4407.93 -45066.1 0
5568.73 -24281.3 0
4166.45 -8146.96 0
-1164.16 -4108.58 0
2243.41 -16395.1 0
3172.46 -36672.7 0
-23212.5 -44855.5 0
-11813.5 -26500.2 0
-3068.04 -15949.7 0
8056.9 -16769.7 0
7641.71 -18848.4 0
-16059.2 -31598.1 0
-9561.31 -19920 0
-11478.4 -43377.1 0
8185.62 -52171.9 0
2522.3 -48235.7 0
12769.2 -33765.4 0
-12601.6 -26149.8 0
11308.9 -20815.1 0
-5003.77 -40567.2 0
5276.64 -14291.7 0
-26667.1 -46982.3 0
15639.9 -42915.5 0
13734.6 -31635.3 0
2771.84 -12910.5 0
-12240.6 -26442.9 0
-20246 -42244.3 0
-13488.9 -49960.6 0
2311.75 -13218.2 0
-13943.6 -38418 0
680.536 -9454.4 0
14190.6 -26841.2 0
-14869.3 -37678.6 0
964.697 -4177.78 0
-23643.9 -42683.2 0
514.644 -9840.82 0
9187.99 -36746.1 0
16235.9 -33339.4 0
-17191.4 -48362.4 0
-14819.3 -48811.8 0
-10321.4 -21075.7 0
128.278 -10613.1 0
-659.163 -14106.5 0
-10254.3 -48962 0
24725.8 -45558.8 0
-2789.81 -14529.2 0
-19346.5 -43301.4 0
780.691 -16552.8 0
6038.39 -46018.2 0
-16578.1 -38509.1 0
-296.096 -39504.8 0
-4355.75 -10373.2 0
-22435.3 -42678.6 0
9773.78 -29657.2 0
1636.75 -7285.86 0
13092.5 -47450.7 0
7522.68 -16751.5 0
-13584 -29055.8 0
-5186.27 -10604 0
-3815.58 -12513.3 0
1621.17 -4694.34 0
5967.62 -22075.2 0
-5752.29 -13734.6 0
-8695.89 -16060 0
-17434.8 -52389.6 0
-4243.04 -18583.8 0
5099.59 -11887 0
-1398.93 -14442 0
6320.66 -29118.2 0
12882.2 -44981.8 0
-19693.4 -40244.4 0
26581.6 -48108.2 0
-143.636 -10652.3 0
15100.7 -44480.9 0
20434.4 -50593.3 0
-21341.3 -40530.8 0
-16450.8 -38061.4 0
-4197.77 -26787.3 0
-19471.3 -41850.7 0
-7110.17 -26483.1 0
-2251.02 -32928.7 0
-2042.85 -30339.7 0
3098.65 -15627.1 0
-3078.12 -10122.3 0
25392.4 -50248.4 0
21824.6 -44365.2 0
-5624.56 -44631.6 0
732.054 -3885.18 0
2437.73 -17892.4 0
973.5 -8340.04 0
-16999.5 -47442.2 0
-7231.56 -36292.4 0
5790.89 -14640.2 0
1771.89 -48369.2 0
-9443.05 -19658.9 0
10842.2 -37318.7 0
-5567.47 -25282.3 0
-4909.78 -13456.9 0
10424 -40892.9 0
-7564 -23739.4 0
-7423.72 -39219.5 0
9061.87 -28416.6 0
1757.64 -6260.22 0
-15375.1 -34479.9 0
-5394.97 -38185.2 0
-2304.3 -26546.2 0
5622.91 -9901.29 0
4568.46 -38357.3 0
21921 -41981.9 0
16074.8 -39257.8 0
-57.8978 -2074.99 0
3941.05 -22747.9 0
-122.933 -4466.16 0
7821.33 -33952.4 0
-7589.97 -35561.5 0
-7472.73 -26095 0
-1018.74 -11954.9 0
-1276.88 -4858.2 0
-23747.3 -48562.4 0
6085.27 -32219.2 0
11171.4 -21217 0
-15770.5 -36715.5 0
-475.967 -19456.9 0
24317 -44139.5 0
-1945.06 -40825.2 0
15977.4 -32715.3 0
3168.13 -15240.7 0
-11858.4 -21533.1 0
10400.3 -41107.4 0
19056.1 -38006.7 0
-1420.35 -3119.81 0
-5164.35 -34179.9 0
-987.585 -7598.07 0
-3082.04 -9302.67 0
4391.68 -9711.69 0
10750.2 -19066.6 0
20004.9 -52489.3 0
19253.2 -36918.9 0
19786.6 -34533.3 0
1866.85 -16904.1 0
-14913.8 -34898.4 0
9915.33 -50769.1 0
-7078.38 -37511.6 0
1327.71 -25126.4 0
-15653.8 -29435 0
11439.7 -51262 0
-4310.12 -42327.3 0
16631.5 -33878.4 0
18470.3 -49998.2 0
10638.6 -24735 0
-22375 -45952.1 0
-801.481 -24521.4 0
2906.37 -8846.33 0
-9399.92 -46827.7 0
-6168.14 -19985.7 0
-27637.9 -52423.9 0
4003.57 -15341.3 0
-6332.73 -21440.4 0
-24765 -47176.1 0
2765.73 -11526.7 0
18602 -44415.3 0
-20786 -39339.1 0
-10046.3 -28982.1 0
4463.51 -26765.1 0
1900.57 -6054.09 0
-10109.9 -19566.6 0
-1779.1 -4609.17 0
-5632.76 -33756.1 0
-11894.5 -46281.1 0
3518.01 -14685.4 0
-20270 -41710.6 0
11380.4 -45178 0
2465.49 -9165.86 0
-6013.97 -31102.1 0
-3116.25 -5783.87 0
-1457.74 -47011.5 0
-17404.5 -45905.9 0
-7127.69 -20058.2 0
-18110.4 -46178.3 0
-9084.94 -43320.7 0
-105.781 -18727.7 0
-516.746 -13792.6 0
8248.89 -28767.5 0
-4095.26 -23485.5 0
3329.84 -48853 0
-14977.9 -41054.7 0
5978.62 -50201.5 0
8042.17 -29129.9 0
-24153.4 -51191.7 0
8482.67 -31249.4 0
7763.94 -33322 0
961.76 -12924.2 0
-880.265 -20356.4 0
2953.09 -13379.1 0
2930.48 -23678.5 0
16981.5 -44498 0
-11098.3 -25752.8 0
2388.38 -19697.6 0
-1299.38 -22603 0
10590.9 -30051.7 0
-8326.93 -39922.2 0
-1314.86 -32416.7 0
2191.23 -12847.5 0
-10129.3 -20753.8 0
11091.4 -37120.3 0
3836.17 -39216.1 0
-1228.24 -2902.52 0
24321.7 -43868.8 0
-11394.7 -47958.9 0
-13298.6 -41435.7 0
3554.18 -18807.2 0
-5917.89 -16836.3 0
5577.35 -37419.8 0
4888.4 -27830.7 0
-13755.3 -34294.1 0
172.404 -48450.4 0
11468.4 -32683 0
-12094.1 -34378.3 0
-14131.9 -44627.2 0
7381.46 -12972.2 0
9903.81 -39653.3 0
5747.93 -10829.7 0
1340.96 -38393.5 0
7171.73 -40702.7 0
5182.42 -48492.4 0
694.615 -6652.58 0
8593.51 -46401 0
11672.1 -52329.2 0
-6953.26 -20553.2 0
-476.501 -14008.2 0
-3668.89 -27814.8 0
-9096.35 -32346.6 0
-5601.64 -19485.2 0
6806.13 -30896 0
-1196.76 -18586.8 0
939.62 -6833.27 0
-8747.95 -18728.7 0
18964.8 -33209.3 0
14699.4 -25616 0
1754.98 -28211.8 0
5056.25 -10556.5 0
-1694.09 -3261.9 0
-1055.11 -3618.69 0
-6880.83 -51053.2 0
-5567.67 -39997.2 0
-7913.45 -46335.4 0
-15817.6 -35266.2 0
2754.97 -5065.43 0
-12549 -30002.7 0
3191.96 -50848.2 0
-956.693 -29552.3 0
-14677.6 -27422 0
775.003 -15772.3 0
3313.82 -42861.9 0
-8115.22 -23168.8 0
-376.965 -34269.5 0
-1660.11 -16163.4 0
-21192.3 -39727.9 0
-8624.29 -29035.4 0
2558.67 -47597.5 0
-5310.39 -21675.9 0
1667.66 -49662.5 0
556.034 -21511.3 0
17398.8 -34212.2 0
6469.97 -25874.3 0
-2598.72 -7863.95 0
-2304.32 -15240.1 0
9601.92 -33985.9 0
4979.31 -18440.3 0
-6659.52 -38064.5 0
-2458.87 -52624.1 0
28219.8 -52313.9 0
-21891 -49438.8 0
439.992 -20098.6 0
-457.148 -43528.5 0
-412.1 -11909.2 0
9362.86 -18694.2 0
8157.03 -16316.3 0
4372.59 -42670 0
8251.63 -19568 0
-7212.14 -13114.3 0
-1406.05 -21501.1 0
21137.4 -50001.8 0
-5864.22 -19506.5 0
-1774.5 -49941 0
2078.43 -51903.6 0
-10431.6 -27354.2 0
12466.9 -38311.2 0
-18094.3 -46463.8 0
14719.2 -32238.7 0
-16060.3 -45316 0
-602.864 -24056.9 0
-10475.1 -25364.9 0
2494.51 -26564.9 0
14643.2 -26214.2 0
-7414.49 -31019.8 0
-4110.28 -25692.7 0
-16435.5 -28905.4 0
-3215.46 -19384.8 0
-11903.8 -31079.3 0
9209.73 -15991.8 0
11735 -51075.8 0
-13289.5 -24568.4 0
4594.92 -8937.34 0
723.462 -18343.2 0
-3014.9 -47483.5 0
6656.88 -34807.4 0
-16713.4 -42538.8 0
7271.43 -16272.7 0
1326.89 -18086.7 0
4129.38 -10589.3 0
10871.9 -43926.1 0
-12872.8 -39610.4 0
18653.6 -40771.1 0
14934.2 -26688.4 0
-11527.8 -49504.5 0
4646.91 -36999.7 0
-1363.15 -32981.4 0
-2104.1 -4219.56 0
2593.12 -13042.3 0
-5167.12 -32568.3 0
-487.88 -4926.48 0
-8147.78 -35904.7 0
3294.45 -11491.4 0
-7486.64 -45204.7 0
7887.51 -37151.3 0
1824.76 -19309.9 0
-10171.6 -36175.5 0
-4920.15 -38250.3 0
-214.679 -1171.13 0
-16066.4 -45088.3 0
2173.32 -43781.6 0
-3585.41 -36640.1 0
12917.3 -48148.1 0
6471.7 -19645.4 0
14515.5 -27874.4 0
3189.1 -17049.3 0
1978.97 -51612.9 0
13683.1 -35124.9 0
-10658.3 -36089.6 0
1099.36 -1932.53 0
-9626.44 -44201.6 0
2198.36 -5609.55 0
668.815 -49709.4 0
4255.36 -24004.3 0
-28313.1 -51652.9 0
4396.84 -14353.6 0
782.162 -8455.85 0
-4557.4 -21129.1 0
-13184.4 -32531.2 0
4245.5 -20654.6 0
-23772.1 -52080.2 0
-4463.56 -9693.72 0
-7955.83 -26202.5 0
-15181.4 -29567.5 0
-3.16655 -43436.7 0
17819.3 -35169.5 0
-3664.38 -11954.8 0
-10860 -29238.8 0
-23105.2 -50545 0
-7887.41 -47009 0
-6415.25 -25112.4 0
-7200.35 -51833.6 0
541.483 -18582.6 0
2210.46 -8036.52 0
-3348.47 -15212.3 0
2213.95 -4905.48 0
-10301.6 -23753.4 0
3878.92 -15924.4 0
7807.4 -15767.5 0
-16769.6 -52303.4 0
9118.71 -26746.8 0
-6316.75 -35101.5 0
13836.4 -40120.4 0
-1149.47 -20936.9 0
-16224.4 -28375 0
-19183.3 -42047.8 0
-15519.8 -27991.1 0
6103.01 -50405.2 0
-2586.54 -43951.6 0
-2587.84 -10131.8 0
6018.99 -10580 0
-1363.73 -33785.5 0
-11286.9 -38827.8 0
-6457.85 -29200 0
2816.57 -23136.4 0
-4529.73 -17068.6 0
4523.23 -15704 0
-10816.7 -36997.4 0
-10478.8 -27854.4 0
1782.8 -3381.69 0
16591.9 -32045 0
-13253 -23525.7 0
3283.99 -18076.8 0
2213.5 -11240.4 0
-1072.5 -23977.2 0
13975.2 -36799.2 0
1529.95 -4292.69 0
-5787.68 -14339.1 0
-7701.39 -50491.3 0
-5865.62 -16512.6 0
-4124.49 -7260.16 0
5260.62 -21320.4 0
-2377.49 -24358 0
6685.62 -38894.8 0
4242.35 -29450.9 0
-18227.7 -32045.3 0
992.739 -21957.9 0
4307.68 -27220.7 0
-3117.48 -35458.7 0
-7191.9 -49529.2 0
767.556 -1368.23 0
-14100.1 -38733 0
-5541.44 -42087.2 0
4860.02 -9642.61 0
7210.72 -36270.9 0
-13693.7 -30572.2 0
-9247.93 -33435.3 0
4361.11 -37674 0
-6423.43 -14435.5 0
-24860.3 -52443.8 0
-7431.54 -29066.3 0
1600.58 -37852.8 0
-6122.92 -31540 0
4569.76 -29033.6 0
-3030.83 -8758.19 0
-16238.5 -50282.3 0
-16479.3 -49527.7 0
2206.55 -26385.9 0
1057.79 -18678.7 0
18116.1 -46109.4 0
7505.08 -22989.9 0
-464.29 -7171.05 0
-18852.5 -43742 0
-8487.38 -50727.4 0
23049.6 -51044 0
-4606.81 -19799.8 0
3884.01 -7803.8 0
-22638.7 -43988.1 0
-1465.17 -13773 0
-2345.57 -15988.9 0
11518.8 -37567.3 0
-8184.28 -35404.3 0
12034.5 -32151.7 0
-8690.48 -47250 0
-10389.5 -20113.7 0
3468.52 -31660.1 0
-3292.1 -13778.4 0
8686.47 -26232.8 0
-3084.24 -9624.2 0
5853.28 -17232.9 0
-2413.47 -30628.6 0
-12436.2 -41199.3 0
-1523.07 -3452.18 0
-12885.2 -47095.7 0
14411.6 -31594.8 0
5387.56 -10748.2 0
-1239.79 -17087.5 0
-568.719 -36625.4 0
-13542.4 -39633.8 0
-1880.34 -5901.29 0
-65.3541 -5020.46 0
-12619.1 -42703.7 0
-5944.79 -28530.1 0
6336.54 -33752 0
7014.97 -18920.8 0
-18588.5 -33895.9 0
18492.5 -38185.6 0
5716.31 -17601.4 0
2389.34 -36986.4 0
8758.32 -42896.8 0
10218.6 -33626.6 0
1886.62 -4845.95 0
-25594.2 -51234.5 0
-7767.77 -43986.1 0
362.869 -48650.2 0
7559.37 -20141.8 0
-18240.4 -37221.4 0
9220.96 -41968 0
2754.11 -38635.1 0
-4749.18 -47508.1 0
3513.18 -11938.2 0
-8476.65 -18509.2 0
11489.8 -33622.2 0
-3730.33 -30578.6 0
-2046.13 -9868.55 0
-4077.67 -8783.22 0
-14399.5 -32476.7 0
14241.2 -34143.8 0
-5268.8 -43460.7 0
12727.7 -24190.3 0
-4033.59 -39207.5 0
-816.189 -6552.82 0
11764.1 -44684 0
7689.95 -30605.1 0
23459 -44321.7 0
17163.5 -44153.4 0
-9644.74 -42333 0
-2265.49 -22439.8 0
15187.6 -36822.4 0
-6397.43 -22885.1 0
3320.65 -37815.5 0
-13149.3 -30484.1 0
-8712.47 -26303.5 0
4253.47 -33151.7 0
-1688.62 -8374.08 0
6584.1 -15355.2 0
21093.7 -39788.6 0
-10259.9 -20355 0
-6355.81 -12100.5 0
7475.92 -15145.2 0
3833.74 -31467.7 0
18070.9 -40320.9 0
-4284.66 -15352.7 0
-3708.71 -52264.7 0
3399.83 -6209.71 0
10021.9 -25521.6 0
-8855.53 -29240 0
-2108.12 -15499.8 0
768.616 -20849.4 0
-23750.1 -49144.5 0
-1695.02 -18781.2 0
-17926.5 -48226 0
4682.89 -23973.3 0
-16601.9 -36694 0
572.174 -29851.1 0
2539.05 -22691.1 0
25125.4 -50319 0
-13249.2 -42576.4 0
-11678.4 -41185.9 0
-6635 -11863.1 0
-10298.8 -50216.7 0
1142.45 -4425.72 0
22320.7 -47229 0
14042.7 -34042.6 0
-11381 -45996.2 0
6895.01 -21218.3 0
-3025.37 -7521.83 0
6926.15 -21460.5 0
10240.3 -27745.7 0
-8912.48 -50935.3 0
8511.28 -38049.5 0
4553 -22105.7 0
-12784.4 -23160.8 0
-2402.13 -42820.2 0
-3809.94 -22047.7 0
23909.6 -44158.3 0
4273.8 -38491.5 0
-18051.3 -42572.5 0
-25910.4 -49358.5 0
-4001.22 -9738.81 0
-25527.1 -50157.8 0
555.98 -26297.4 0
-211.263 -32736.3 0
-9800.5 -48189.5 0
-1530.41 -17091.5 0
5080.51 -35674.1 0
376.176 -14625.5 0
-10884.6 -37451 0
-8133.55 -14135.5 0
481.987 -7835.17 0
5341.68 -13310.1 0
2198.83 -23277 0
13985.8 -29465.8 0
5048.88 -19571.2 0
4456.89 -36894.2 0
15043.9 -49648.6 0
-5410.02 -19923.2 0
20255.1 -36609.6 0
4911.27 -26658.4 0
170.285 -32728.6 0
9133.9 -19250.4 0
-16983.9 -48555.7 0
4861.13 -11327.7 0
-18622.8 -33336.8 0
3422.75 -32194.1 0
-6024.84 -26880.7 0
-9266.14 -45130 0
-1653.89 -17501.4 0
-1227.68 -21773.6 0
-1318.09 -7186.1 0
15860.1 -48006.8 0
4890.22 -29170.4 0
15276.9 -31887.1 0
-3320.22 -43896.6 0
-5355.6 -26293.1 0
-7893.15 -50656.9 0
-596.695 -8269.59 0
-165.745 -10947.9 0
-7365.86 -47586.5 0
20547.2 -41606.2 0
-9915.09 -21148.8 0
-2666.77 -9546.34 0
16813.1 -30986.9 0
-967.867 -25322 0
7111.5 -33487.4 0
8639.58 -25101 0
2993.69 -7926.54 0
981.64 -31781.3 0
10881.6 -30092.6 0
6930.88 -16529 0
26039.9 -52005.4 0
-2970.22 -38980.3 0
940.954 -44973.8 0
10860.7 -52088 0
-7437.76 -37297 0
5281.21 -18536.8 0
3007.85 -29805.6 0
-9871.2 -17774.5 0
979.359 -7163.86 0
-9539.65 -26354.1 0
9475.97 -34505.8 0
-5527.99 -9674.91 0
-8833.68 -30619.8 0
24198.5 -50962.1 0
-2673.92 -43174.8 0
6972.17 -17161.7 0
-6532.97 -48532.2 0
3183.37 -29424.7 0
16411.5 -33846.6 0
11258.1 -32181.2 0
-11178 -20431.5 0
10706.3 -33119.7 0
3789.08 -20209.7 0
-1212.04 -33136.2 0
6118.04 -40550.7 0
-324.999 -15709.3 0
55.178 -25006.2 0
7568.27 -18147.7 0
17745 -32908.1 0
10614.3 -18465.1 0
-5036.17 -44288.2 0
2283.24 -18414.4 0
14057.8 -33652.7 0
5493.14 -20110.2 0
-8768.92 -22523.6 0
-2758.16 -30136.4 0
-24753.7 -49804.7 0
23663.7 -51797.7 0
-14494.6 -51584 0
12817.7 -30883.5 0
16089.4 -35937.4 0
375.429 -17858.2 0
-5239.66 -41838.1 0
2926.46 -9899.89 0
1018.16 -14389.8 0
11566 -46013.4 0
15753.7 -35862.2 0
11715.2 -33719.2 0
-9380.1 -18374.6 0
10163.4 -24100.9 0
2056.95 -4508.78 0
-17630.1 -30644.4 0
-6153.39 -43481.5 0
85.7601 -27789 0
3401.94 -12951.3 0
1565.3 -16407.2 0
-184.155 -16781.9 0
3375.82 -18467.2 0
6995.71 -44706.8 0
-14751 -38695.7 0
13591.3 -32619.5 0
-2940.09 -37690.4 0
-6497.14 -25933.2 0
17389.8 -30901.2 0
-8740.89 -28628.5 0
-27075.1 -51853.1 0
22792.2 -50142.7 0
543.388 -46847.3 0
752.48 -47422.9 0
3814.58 -47702 0
-6015.51 -13854.3 0
5364.94 -14814.3 0
-5303.52 -17667.3 0
281.495 -971.325 0
-3321.13 -7234.15 0
2978.85 -40326.2 0
19233.2 -41073.7 0
64.6701 -8829.33 0
-4822.43 -43154.1 0
8817.88 -16299.8 0
-4847.57 -10820.6 0
4137.97 -36320.9 0
-4448.37 -10926.2 0
-9322.81 -16156.3 0
18621 -42915 0
22129.2 -49627.8 0
7536.11 -49194.4 0
1351.31 -9149.57 0
8862.3 -16780.9 0
6022.22 -20894 0
12254.6 -39542.9 0
-7541.73 -22815 0
-11604.8 -50046.9 0
174.925 -17917.7 0
14182.4 -36233.7 0
-607.943 -52059.9 0
10415.6 -20602.9 0
-4685.17 -31666.7 0
-7884.19 -48257.6 0
-6609.08 -17604.2 0
-21973.9 -51757.4 0
1514.45 -8568.23 0
8977.67 -18504.8 0
-1952.63 -5674.42 0
16807.6 -38149.9 0
-4072.97 -31490.2 0
23526 -49313.1 0
536.256 -2476.06 0
-4550.4 -13282.4 0
-2631.91 -33473.7 0
14212.6 -49670.1 0
-6579.56 -15345 0
20554.1 -47538.9 0
-11296.8 -46422.3 0
1563.31 -39433.1 0
-5988.2 -29433.2 0
-2583.94 -21565.5 0
8547.98 -31684.1 0
-13161.4 -24347 0
4410.04 -51517.4 0
15598 -43895.9 0
-11530.2 -24608.6 0
-12691.4 -28061.4 0
23099.8 -40064.1 0
1029.43 -46525.4 0
-14085.9 -26960.3 0
-271.426 -18981.2 0
16799.4 -32010.7 0
405.073 -21127.9 0
-1094.78 -42759.7 0
5500.41 -30034.5 0
11691.7 -23481.2 0
-9229.37 -28113.9 0
-5914.83 -13158.7 0
3478.42 -30875.2 0
18297.1 -46386.8 0
-5084.32 -19676.8 0
14334.3 -38962.3 0
2200.85 -12382 0
-6361.56 -33764.4 0
398.481 -12043.9 0
-21032.9 -38981.9 0
6743.37 -30610.3 0
8595.61 -17055.1 0
-23531.4 -43533.1 0
5954.06 -42019.5 0
17350.1 -46447.8 0
-8135.63 -29874.3 0
-25357.7 -46420.6 0
2395.86 -20817.8 0
-579.382 -8551.47 0
5232.32 -12833.7 0
4623.06 -50588.6 0
-4385.33 -17357.3 0
7491.1 -28424.4 0
751.208 -17874 0
-15176.4 -45317.7 0
-3483.05 -13533.9 0
-2494.01 -37044.8 0
-24048.7 -44909.7 0
7194.38 -28493.1 0
7063.88 -23597.2 0
-15631.5 -31697.7 0
5440.51 -43358.9 0
5353.29 -9396.82 0
10658.4 -31597.2 0
-5080.65 -21620.6 0
17581.7 -32597.3 0
104.603 -14090.4 0
19531.8 -52083.8 0
24674 -44114.7 0
756.445 -4740.58 0
-17479.1 -37566.6 0
21091.2 -45184.3 0
-2732.64 -7469.1 0
-23496.7 -52273.5 0
365.084 -9664.68 0
-7276.46 -41224.5 0
-16305.5 -33489.5 0
-9788.44 -32674.1 0
29.1698 -6934.36 0
14277.8 -26209.6 0
17158.5 -34061.8 0
10330.2 -26906 0
-812.508 -9319.98 0
-22954.2 -52406.2 0
-11201.9 -42714.9 0
2031.12 -28932.4 0
-11243.3 -49707.9 0
1932.92 -48080 0
14276.2 -27839.8 0
-18970.6 -48228 0
11880.5 -24719.2 0
-7906.37 -46620 0
25072.6 -52521.2 0
4847.67 -20233.2 0
-19980.8 -46349.9 0
-5745.97 -24905.9 0
14597.5 -42767.8 0
-13071.8 -26528.7 0
-15073.9 -48633.5 0
9252.12 -28987.2 0
3714.44 -19923.2 0
-8249.31 -37302.7 0
12455.8 -32642.3 0
-2099.93 -27542 0
-2858.4 -46530.4 0
11029.3 -49585.7 0
-9232.15 -35365 0
-167.626 -363.919 0
2611.6 -18097 0
9259.57 -24566.4 0
-13409.3 -34792 0
7196.9 -40412.7 0
8154.67 -20437.5 0
-16255.7 -37918.2 0
11118.7 -50405.6 0
24064.1 -41917.2 0
14038.8 -35925 0
-17471.4 -38795.2 0
-23923.1 -49017.2 0
-14604 -48402.2 0
11024.5 -19525.9 0
-2301.53 -39999.5 0
-15484.8 -34178.4 0
1153.55 -30708.8 0
-15839.8 -49481.3 0
5024.23 -37762 0
1708.87 -18342 0
-1041.04 -26997 0
15034.5 -30481.2 0
-1011.16 -22138.5 0
9361.63 -25523.4 0
-18938.6 -43310 0
-9292.85 -51511.9 0
11718.6 -22910.5 0
-670.735 -29616.7 0
18013.7 -37374.3 0
-5556.75 -33288.1 0
-3652.67 -18039.7 0
25419.9 -47306.1 0
-9317.29 -51145.4 0
14596.4 -39640.7 0
13996.6 -31720.3 0
-2941.63 -18324.4 0
6777.54 -16896.7 0
11826.4 -38180.1 0
-2205.06 -30770 0
11086.5 -21813.5 0
-6002.54 -52340.2 0
15085.9 -41012.3 0
11616.7 -49082.7 0
-391.577 -1664.41 0
-2488.21 -10416.1 0
1576.21 -15226.7 0
-4566.76 -16761.9 0
11199.3 -22364.2 0
9185.38 -34882.6 0
7200.1 -41622.4 0
3261.54 -50502.5 0
4867.28 -16532.1 0
4221.37 -7441.23 0
-12085.3 -42513.5 0
3538.97 -10280.2 0
2863.45 -34389.4 0
-3864.47 -7644.52 0
-5238.81 -49964 0
5274.21 -16762.4 0
-23642.5 -41369.4 0
-544.628 -7398.08 0
12987.9 -44337 0
-420.451 -31196.8 0
-12263.3 -36002.5 0
-279.067 -31695.3 0
40.8126 -3849.73 0
113.562 -5436.38 0
4764.22 -34502.6 0
-4183.51 -39582.4 0
-4779.49 -10550.4 0
2670.84 -5325.93 0
10827 -19970.3 0
-12158.7 -36908.1 0
25754.1 -47330.6 0
-285.602 -9865.68 0
-5883.62 -10898.6 0
5941.89 -19926.5 0
23674.9 -41318.7 0
8064.12 -19104.1 0
6155.75 -30418.6 0
-189.106 -8511.13 0
11562.9 -25101.8 0
4002.17 -32495.2 0
1455.16 -22798.6 0
195.904 -40883 0
-8015.16 -15105.2 0
-21410 -38432.4 0
374.61 -50100.1 0
10772.7 -21019.7 0
-5565.94 -15226.8 0
-5913.16 -43447.5 0
5285.91 -23566.1 0
-7989.89 -18249 0
12177.3 -24795.5 0
4053.1 -29925.7 0
-17831.4 -49426.7 0
-1000.89 -11140.9 0
-885.79 -52360 0
2632.1 -11354.9 0
-9743.92 -30494.2 0
-1911.22 -34929.9 0
10221.4 -18929.2 0
2214.08 -6616.85 0
-3833.77 -38629.6 0
127.557 -40262.1 0
1484.33 -5339.47 0
-16485.7 -37261.5 0
-13017.6 -28585 0
7400.89 -48643.4 0
-1622.56 -9359.55 0
-2810.42 -35392.4 0
-9159.13 -44432.2 0
18240.1 -39209.4 0
-1196.2 -9879.22 0
-11977.5 -52630.6 0
920.961 -2591.55 0
10535 -19204.5 0
5029.93 -8718.51 0
3616.31 -28957 0
-163.707 -19883.3 0
-8971.78 -49539.1 0
-796.844 -45780.3 0
-4450 -48313 0
-7622.3 -19880.2 0
2874.93 -27584.6 0
5133.27 -27114.4 0
-4180.54 -30395 0
-17.174 -21190.8 0
11314.3 -28138.4 0
411.851 -27706.9 0
-4930.35 -12397.8 0
12992.1 -36069.2 0
22161.4 -48097.8 0
-7469.25 -24877.5 0
383.246 -19329.5 0
18645.9 -37339 0
11647.6 -35902.9 0
-14857.7 -35941.4 0
-2512.28 -44885.8 0
5961.34 -11430.4 0
-9011.77 -29386.7 0
-5518.11 -40644.1 0
642.92 -17217.7 0
-7484.57 -46045.9 0
15781.8 -50160 0
-18748.3 -40444 0
-6395.55 -41589 0
-13133.7 -26052.3 0
-6082.31 -34218.9 0
-877.279 -28601.2 0
26.8318 -10295.1 0
-13597.4 -41494.7 0
938.858 -12018.6 0
4768.02 -21701.8 0
-21253.9 -43198.5 0
-15246 -34135.5 0
-8910.66 -43543.3 0
17027.6 -34929.5 0
-5030.45 -24028.5 0
-21884.8 -50573.1 0
-3624.64 -19130.2 0
19983.8 -45907.7 0
-4039.67 -30774.6 0
7662.22 -34459.5 0
-9021.92 -46071.3 0
-3345.42 -24955.9 0
15846.3 -39134.9 0
-8219.03 -25697.7 0
14650.9 -51605.6 0
25710.9 -47688.7 0
-3266.58 -38192.8 0
16175.9 -45466.1 0
-15627.5 -39617.8 0
13045.3 -50004.2 0
5084.94 -39434.5 0
4388.35 -20236.6 0
6260.49 -28803.7 0
1512.78 -20952.4 0
-638.418 -33990.6 0
5672.09 -13850.6 0
-816.338 -13374.3 0
-22083.9 -51284.4 0
-26177.6 -50661.7 0
4014.4 -27436 0
-26123 -49454.3 0
636.371 -40016.4 0
2962.19 -16644.7 0
-4031.75 -22285 0
-1882.02 -20084.8 0
16631.2 -38307.4 0
-7468.2 -18808.8 0
2904.6 -48022.3 0
7566.45 -14574.3 0
17362 -31799 0
980.996 -5401.61 0
-5763.28 -19831.3 0
-4666.72 -33658.3 0
-3540.46 -6590.95 0
-1972.19 -51335 0
-10460.8 -18837.3 0
5210.19 -26209.3 0
8002.49 -25156.1 0
-923.136 -21364.7 0
-7164.16 -24253.9 0
1571.26 -12237.3 0
-10352 -18464.9 0
-9404 -30697.9 0
6166.37 -49441.1 0
21052.5 -42837.6 0
-10433 -36441.7 0
-2167.02 -17101.9 0
1484.24 -15634.3 0
13329.3 -47892.3 0
5890.33 -21307.7 0
2391.32 -49809.9 0
21838 -43374 0
21751 -48977.3 0
267.178 -49171.4 0
-11907.4 -32087.9 0
888.532 -20234.8 0
-9759.15 -18473.8 0
12944.3 -35801.5 0
-3013.45 -51419.3 0
-4563.44 -8342.48 0
-24207.1 -50488.5 0
-18580.2 -35363.4 0
-14869.3 -29483.7 0
958.867 -18019.5 0
4420.08 -37186.7 0
-3698.8 -41538.2 0
1072.35 -27529.4 0
-5873.11 -35449.8 0
24439.4 -42695.8 0
-8692.76 -17312.8 0
7598.6 -19335.3 0
1780.58 -10279.7 0
-12653.8 -22156.4 0
-17686.4 -31794.5 0
-1677.07 -5443.11 0
-8832.83 -44836 0
1963.14 -39917.4 0
-5409.45 -32584.3 0
-314.256 -9031.37 0
2174.46 -14100.9 0
9278.35 -41635.9 0
-3543.54 -6839.37 0
5081.07 -42693.1 0
-2965.05 -19461.8 0
-9381.99 -20498.3 0
19998.8 -42225.3 0
4156.24 -7215.09 0
7054.14 -17691.3 0
9849.73 -22843.4 0
12140.6 -23666.7 0
-4549.53 -36109.1 0
3414.75 -20629.4 0
-2524.12 -16202.8 0
-17911.6 -35270.9 0
10206.8 -20087.2 0
-3447.48 -18189.5 0
5057.14 -24481.3 0
6850.08 -36869.3 0
-13489.2 -38717.4 0
19098.6 -34077.3 0
9381.91 -22697.4 0
-2070.66 -3610.53 0
6035.73 -38838.6 0
-10097.2 -41242.3 0
-16392.5 -33835.1 0
-5737.33 -10693.3 0
-1588.75 -12641.9 0
-13466.1 -50633.9 0
12232.7 -40957.4 0
13043.7 -37389.6 0
-5266.65 -12074.3 0
-3394.8 -14835.2 0
-3195.92 -35071.9 0
-8982.1 -30434.9 0
8521.25 -30648.9 0
-5921.27 -15039.7 0
-2562.27 -20487.2 0
-15392.9 -35262.9 0
1003.59 -26933.9 0
-7250.9 -25847 0
1779.73 -31802.8 0
-9513.97 -17612.7 0
4542.11 -11735.4 0
-355.07 -12515.8 0
-10991.3 -31396.8 0
-9583.55 -27539.7 0
-10647.5 -29527.7 0
81.6599 -42859.6 0
20848.6 -39903.2 0
-11279 -29082.4 0
-12438 -49440.6 0
-474.138 -22365 0
3084.38 -14713.6 0
-17030.3 -39689.3 0
5851.1 -44985.4 0
13594.3 -33717.4 0
-604.385 -7917.2 0
-19.0443 -13296.6 0
-1526.59 -42926.6 0
2094.49 -17525.4 0
15724.1 -41269 0
-21646.6 -37570.9 0
-7603.07 -13758 0
13206 -33649.2 0
5970.95 -28600.2 0
-6559.18 -39016.3 0
5333.95 -47866.1 0
1949.8 -28622 0
5390.43 -49989.6 0
-8710.99 -16915.6 0
-6560.44 -30419.7 0
-2725.81 -38395 0
-2953.02 -16758.8 0
-2973.9 -20102.3 0
11337.5 -19960.6 0
5020.77 -51448.9 0
-3351.49 -18744.7 0
25341.7 -51010.7 0
-12327.9 -28129.7 0
-4440.89 -23698 0
-8848.39 -20610.3 0
17218.4 -40850.4 0
-936.787 -19017.9 0
-6859.36 -47310.8 0
4277.57 -43694.7 0
-13788.8 -32874.2 0
-17648.5 -39627.7 0
-23209 -40499.9 0
-372.349 -6913.72 0
28073.4 -50190.4 0
-7205.42 -17418.6 0
5259.05 -33632.5 0
11194.1 -26050 0
-26507.8 -52416.7 0
6857.39 -28970.1 0
-20479.7 -39024.9 0
-23527.5 -49525.6 0
-7324.39 -23554.1 0
-235.125 -5360.33 0
-6302.64 -18688.3 0
4563.8 -14515.6 0
-21582.5 -46529.3 0
-14348.6 -46923.4 0
1213.27 -35916.9 0
-7271.09 -37616.8 0
-94.6388 -23144.5 0
14676.9 -40470.1 0
4893.87 -15817 0
1545.29 -14792.8 0
-544.206 -33430.1 0
-6887.33 -52334.7 0
1337.37 -9997.85 0
-16832.1 -39889.4 0
12877.1 -32168.2 0
-8503.75 -20143.9 0
-11595.8 -38870.2 0
17160.9 -31061.7 0
6413.77 -27619.1 0
-7959.47 -45557 0
-6887.25 -26694.1 0
-460.657 -16321.2 0
2694.74 -22896.6 0
2797.69 -17810.1 0
3486.99 -8632.09 0
18874.7 -45961.6 0
8245.5 -17966.1 0
-1758.91 -20468.6 0
5088.89 -16150.2 0
15871.1 -31504.5 0
-8046.29 -32919.7 0
8872.82 -16989.5 0
-14905.8 -33845 0
-5100.03 -23496.2 0
22644.5 -46482.3 0
7586.04 -31948.8 0
-4534.93 -38240.3 0
8861.19 -22016.2 0
6965.47 -28566 0
-138.199 -3633.28 0
-5444.51 -34066.5 0
10265.4 -46848.7 0
-3708.01 -25716.8 0
-559.599 -5542.68 0
9247.09 -20133.5 0
-10290.5 -42023 0
9590.25 -43597.5 0
-5505.64 -26158.5 0
-7752.16 -26553.2 0
-7727.95 -22964.8 0
11024.7 -45837.4 0
-2755.86 -6202.71 0
6096.11 -30064.5 0
-11191 -34852.3 0
18673.3 -45876.4 0
-1978.7 -8264.74 0
-4980.64 -9473.69 0
106.639 -11515.7 0
20359.1 -37285.4 0
3933.33 -42531.2 0
-166.647 -6223.41 0
2580.44 -13297.6 0
-6662.8 -47174.8 0
-7183.95 -31892.2 0
-11256 -52245.8 0
-15898.7 -28131.4 0
12250.1 -28982 0
11980.7 -50832 0
-5496.81 -17967 0
19844 -42896 0
6615.06 -18100.9 0
8858.32 -28681.2 0
-3502.3 -46794.3 0
-3663.56 -17312.4 0
-7466.26 -17277.8 0
11106.6 -31129.6 0
9073.23 -23429.1 0
3909.07 -15585.7 0
-19268.6 -37034.1 0
21500.5 -48746 0
16040.5 -45839.7 0
-13185.9 -49287.8 0
-12686.6 -23936.4 0
-138.657 -8818.18 0
4940.96 -18038.4 0
-13123.9 -32890.7 0
5645.85 -42434.3 0
17995.3 -41957.3 0
-6971.32 -23944.6 0
-3166.03 -11796.5 0
-1807.31 -24363.5 0
-1212.93 -34429.3 0
9385.1 -16883.8 0
2164.82 -37064.2 0
-27946.6 -51089.9 0
-28817.1 -52217.7 0
21293.2 -49597.9 0
506.875 -28934.5 0
-16470.6 -42262 0
-23035.6 -46212 0
-1646.59 -31857.6 0
-24058.7 -46725.2 0
25969.1 -45105.2 0
11972.2 -52515.5 0
3547.76 -13571.6 0
7234.96 -13260.4 0
-3615.4 -29732.9 0
-2441.04 -32030.4 0
-13271.9 -25526.4 0
-142.33 -15087.8 0
12689.5 -26936.6 0
-6682.95 -51149.1 0
16744.3 -41625.2 0
12621.9 -49612.5 0
-1672.86 -8828.89 0
-17470.9 -49445.3 0
6978.48 -15675.7 0
6298.63 -13600.6 0
-17457 -47632.6 0
-7920.67 -18709.8 0
18658.7 -48539.2 0
-16913.9 -47988.4 0
-3181.14 -23110.5 0
15491.8 -38211.2 0
-12984.3 -41969.8 0
1243.45 -6783.22 0
-5915.24 -10370.7 0
-20749.6 -41316 0
-8317.62 -14659.2 0
14160.1 -42924.1 0
14694.3 -37581.9 0
4825.31 -42666.1 0
963.769 -47644.1 0
561.611 -12341.5 0
-22613.6 -39693.9 0
-6851.94 -21732.8 0
-1725.44 -4296.18 0
-9562.69 -18923.4 0
13594.4 -42005 0
-1931.37 -48828.3 0
13482.7 -28441.8 0
-454.115 -34745.5 0
-3456.42 -17397.8 0
-10040.8 -51239.9 0
11773.5 -22717.6 0
-9275.22 -25973.4 0
-3178.61 -18436.8 0
741.867 -23704.3 0
-2823.67 -6648.11 0
-3251.56 -6810.17 0
-5645.24 -22858.9 0
12344 -45094.2 0
-13642.6 -35956.2 0
2146.89 -6351.67 0
-5949.69 -12386.6 0
269.321 -24882.2 0
-6051.19 -29887.1 0
26378.1 -51088.1 0
-12370.5 -25590.5 0
-2560.79 -29429 0
-1693.32 -49011 0
-2662.07 -37637.8 0
-939.701 -14791.8 0
7179.58 -29095.6 0
-10131.2 -47774.6 0
11207.4 -47994 0
19834.1 -41221.7 0
12351 -52258.7 0
19584.8 -42406.2 0
-2348.86 -19938.2 0
-6797.79 -25844.4 0
21675.4 -38120.9 0
-6801.29 -25003.7 0
-6860.32 -41119.3 0
787.973 -4376.52 0
20969.3 -50390 0
-14632.4 -33015.8 0
-5578.9 -34439.7 0
-295.933 -50234.1 0
17293.7 -50773.5 0
-1451.6 -3862.11 0
10307.6 -32978.1 0
-3818.67 -14506.6 0
-8013.72 -25071.8 0
-12628.2 -26529.5 0
-5286.34 -25126.2 0
-1142.67 -33515.5 0
-831.641 -12027.2 0
-7246.17 -45385.8 0
-8408.14 -34157.8 0
-9700.49 -27137.2 0
-11586 -20648.3 0
1204.04 -20790.6 0
-5153.57 -43812.6 0
27247.2 -47441.4 0
49.1363 -18224.8 0
-6292.67 -33446.6 0
756.782 -48007.8 0
-13388.7 -31078.8 0
-14410.2 -29873.6 0
6731.57 -24603.4 0
-23802.4 -44295.5 0
-3721.24 -11657.2 0
-2719.9 -12885.1 0
4944.05 -51833.7 0
17575.5 -30573.5 0
-6842.07 -29662.6 0
-10661.3 -21515.1 0
-1140.11 -10407.3 0
9716.92 -41847.5 0
468.937 -1095.47 0
8621.07 -25573 0
7764.12 -50444.9 0
-12272.3 -50237.9 0
-16093.8 -30858.8 0
-16807.8 -34528.7 0
-2824.36 -37986.9 0
1709.47 -17769 0
4209.7 -9465.8 0
6724.91 -16649.9 0
-8158.49 -49067 0
1032.56 -39391.8 0
-8681.28 -18455.5 0
-18277 -40166.5 0
-7370.81 -20825.5 0
17261.5 -35144.6 0
7906.8 -20737.2 0
-6627.5 -27077.6 0
841.1 -10745.8 0
-1819.55 -28767.2 0
11691.6 -40306.2 0
-12381.3 -29849.1 0
10256.8 -38128.6 0
-16620.4 -47706.2 0
8044.7 -14450.9 0
-4486.29 -34447.7 0
3910.14 -13054.4 0
1306.38 -2655.49 0
-8095.35 -44887.2 0
-2126.18 -16606.1 0
8146.5 -42801.3 0
16210 -49666.4 0
2393.51 -47738.6 0
-2399.25 -5906.77 0
21018.8 -41621.7 0
-5304.84 -18897 0
-6143.73 -12549.1 0
2215.4 -23899.8 0
25473.5 -46312.2 0
3895.32 -40995.9 0
8545.35 -29487.6 0
-3555.64 -24895.8 0
-4500.75 -29818.2 0
359.265 -18445.5 0
-11299.7 -44622.5 0
4827.11 -36256.5 0
19609.8 -47083.5 0
-2857.4 -28128.4 0
-5582.15 -31913.9 0
2453.05 -18812.9 0
1276.1 -29739.6 0
21473.9 -50679.6 0
5973 -13287.7 0
1826.01 -40366.1 0
-1425.51 -8593.84 0
13663.8 -43262.1 0
179.452 -1573.65 0
1582.32 -25560.5 0
10064.3 -22862 0
4872.44 -20480.3 0
14055.5 -37146.8 0
-5917.13 -30690.4 0
2162.74 -35468.6 0
3727.14 -15320.7 0
-10528.7 -46069.7 0
-2783.13 -8526.93 0
10418 -36476 0
1724.33 -44506.1 0
9432.2 -52154.3 0
3991.31 -51718.4 0
-5472.39 -12746 0
3479.26 -23952.9 0
-27589.9 -48443.5 0
-22924 -46754.7 0
-7911.6 -37045.4 0
1148.04 -44357.7 0
-17787.1 -52130.3 0
1783.27 -18071.5 0
-5261.79 -13062.6 0
-2106.48 -12804.8 0
11938.1 -37242.5 0
2688.68 -44984.7 0
8017.35 -36941.4 0
16217.8 -34999.5 0
13613.4 -27736.5 0
9525.79 -37107.1 0
-16156.2 -51552.4 0
2461.54 -33603.6 0
-9002.57 -20348.4 0
-2964.55 -45778.7 0
6297.32 -32963.5 0
4645.31 -12125.3 0
-9040.41 -37086.2 0
-9181.77 -34243.3 0
1650.42 -9037.65 0
-12283.1 -21856.1 0
7565.45 -34252.6 0
-7172.73 -25301 0
3091.78 -30717 0
-19717.6 -39783.3 0
-5762.48 -29158 0
-858.265 -32296.5 0
-655.096 -8918.57 0
8839.42 -51570.7 0
-7911.3 -31384.8 0
1642.39 -8236.29 0
3241.38 -23824.2 0
6370.14 -17800.7 0
-24059.5 -46194.6 0
-6688.44 -20526.2 0
-6585.68 -40426.9 0
18576.1 -43344.1 0
-25085.1 -47172.2 0
-5493.87 -43839.6 0
-1655.5 -3847.65 0
-1312.79 -35246.2 0
7984.51 -21712.8 0
24556.6 -47204.3 0
2684.89 -10286.9 0
-13610.5 -26978.7 0
2950.71 -22309.2 0
11942.7 -30567.5 0
8991.96 -24772.4 0
-2361.2 -16751.2 0
-4385.63 -39521.5 0
-1125.71 -27262.4 0
8587.54 -23956.6 0
-6173.91 -38865.3 0
3814.47 -37431.7 0
-26187.7 -51733.5 0
-1509.06 -25412.7 0
-14096.6 -48939 0
-18211 -37970.6 0
-14696.9 -34103.9 0
-530.793 -32953.9 0
11812 -32010.4 0
2545.32 -26292 0
-2082.38 -5985.53 0
-8340.54 -16720.4 0
2790.13 -17426.6 0
3967.72 -8341.15 0
91.5268 -43937.2 0
1186.64 -51648.6 0
-2336.57 -20587.6 0
12935.1 -43599.3 0
-16236.1 -35316 0
4302.25 -7807.23 0
-3806.54 -25250.9 0
16390.9 -28760.1 0
2667.78 -34089.8 0
641.902 -21265 0
-7391.11 -36789.5 0
8693.08 -15449.4 0
5249.18 -11029.2 0
-8223.28 -19507.2 0
-1504.68 -5026.43 0
9355.87 -20769.1 0
23118.7 -49221.7 0
-12402.2 -45260.4 0
-6252.55 -12778.1 0
-22244.3 -45244.4 0
-9478.99 -38444.2 0
15657.3 -50504.6 0
5610.52 -13267.4 0
4317.8 -13803.2 0
-4644.33 -38887 0
8543.65 -16509 0
12515.6 -45951.7 0
-15915.5 -47195.8 0
-7445.85 -13460.8 0
1771.35 -11277.2 0
-11063.9 -39771.7 0
-3680.62 -30785.5 0
-1472.44 -8208.63 0
-7346.28 -47859.8 0
-10639.9 -28962.8 0
9412.75 -28134 0
803.032 -11814 0
-11891.4 -29342.7 0
-368.009 -7750.58 0
-12387.1 -25893.5 0
-5473.39 -43587.3 0
6301.57 -37256.9 0
-16747.5 -41244.8 0
-3470.97 -10088.4 0
4151.37 -10818 0
-5038.5 -11361.3 0
7872.21 -14067.9 0
10650 -47167.9 0
26440 -46890.4 0
2658.32 -44657.1 0
18508.5 -46237.2 0
-253.856 -14848.7 0
384.039 -8725.21 0
4165.16 -22325.7 0
1121.6 -16648.5 0
8012.03 -32547.1 0
-2842.76 -17579.4 0
4668.22 -19958.2 0
-10383.6 -29670.1 0
15055.9 -42084.7 0
-8914.08 -33702.2 0
1812.53 -6857.05 0
-1812.92 -13673.8 0
13244.4 -31633.7 0
-9594.19 -32328.9 0
10696.8 -21674.4 0
-12970.3 -27623.1 0
8841.2 -48516.6 0
-6204.14 -23531.6 0
10225.9 -40258.1 0
-3846.76 -45028.3 0
-1463.23 -13361.6 0
-1628.82 -46775.4 0
-7065.12 -40267.2 0
6725.85 -15099.6 0
12768.1 -43278.2 0
15153.1 -47957.9 0
-7846.27 -26770.7 0
-28303.7 -51398.6 0
-11338 -28834.2 0
1102.92 -34075.2 0
-10411 -39374.9 0
-7013.11 -40039.3 0
-62.5459 -31924.3 0
-10074.9 -40557.1 0
8601.89 -44950 0
-10782.4 -48839.4 0
-12315.8 -48513.2 0
-3809.95 -31118.5 0
5694.67 -41883.8 0
-1907.29 -12064 0
-11120.4 -50358.1 0
5119 -12352.2 0
-10871.6 -35369.5 0
-7371.02 -50507.4 0
8610.01 -36953.8 0
-3502.77 -8845.81 0
-13877.2 -44637.8 0
9725.76 -25188 0
3164.24 -12740.5 0
6799.11 -23688.2 0
-23258.8 -48669.9 0
-14923.9 -34227.2 0
2422.82 -39714.1 0
-83.7692 -13898.7 0
-7323.59 -40925.9 0
-6394.28 -32386.9 0
-496.042 -10062.7 0
-4172.55 -33509.1 0
-567.161 -20849.7 0
7314.58 -26003.3 0
2213.5 -50493.6 0
-10566.3 -19288.6 0
-6823.37 -23536.2 0
-3006.71 -23598.2 0
-3983.9 -14124.7 0
-15289.3 -43635.4 0
27034.9 -47244.2 0
-18111.6 -49875.9 0
-9640.64 -39440.2 0
14337.4 -47288.1 0
-14.382 -22689.7 0
-3580.67 -41791.7 0
-10776.9 -37945.4 0
-3845.22 -8472.8 0
1300.36 -28670.9 0
2206.81 -47408.7 0
14948.2 -52104.7 0
24199.8 -49092.4 0
26089.6 -50403.3 0
8615.8 -26911.9 0
3260.27 -7236.35 0
-27448.2 -48064.4 0
1347.08 -21599.3 0
-696.341 -6207.51 0
12873.1 -30310.6 0
-15530 -36352.1 0
1257.32 -23649.6 0
10255.5 -18403.8 0
17765.9 -45642.1 0
-2311.92 -11455.8 0
23104.4 -52327.5 0
-9569.16 -47757.9 0
-21180.4 -43999.7 0
-3176.15 -16310.8 0
21293.8 -37517 0
-6626.94 -45835.2 0
20150.1 -44016.3 0
9033.97 -26506.2 0
-15687.7 -45975 0
-1613.34 -7717.71 0
-6559.39 -40645.8 0
-11971.9 -41502.6 0
-20278.2 -49449.5 0
-4774.97 -28391.4 0
-2295.16 -8708.84 0
769.652 -52198.8 0
-11046.3 -44030.6 0
-8776.65 -39394 0
-1903.29 -38728 0
8243.16 -38985.8 0
11691.8 -22207.4 0
-9378.11 -42394.3 0
5224.56 -52628.3 0
-6359.72 -38498.6 0
5721.06 -52053.1 0
4136.86 -13486.2 0
-7166.89 -28597.3 0
3245.24 -40613.1 0
2092.46 -19236.6 0
-5771.74 -21879.3 0
2853.94 -20299.9 0
9820.75 -49768.5 0
7545.98 -30759.2 0
-274.881 -15973.3 0
-1909.5 -16165.8 0
-12752.8 -44427.4 0
-4078.68 -36929.1 0
-6809.14 -29232.7 0
-20343.4 -49797.1 0
3087.93 -9109.11 0
988.834 -30971.3 0
-4685.44 -45988.5 0
3860.52 -38679 0
3050.61 -33184.3 0
18219.3 -48553.2 0
-17153.3 -33061.9 0
2352.38 -23435.9 0
21702.5 -51798.8 0
-441.566 -2351.85 0
1372.13 -2418.94 0
13026.4 -29350.5 0
-2379.55 -43890.9 0
12175 -31450.3 0
-1334.37 -47947.2 0
-10032.8 -25961.1 0
-3231.01 -45071.9 0
17952.4 -47457.5 0
9477.05 -17120.1 0
17884.6 -49229.8 0
1398.26 -38844.5 0
10562.8 -24124 0
-7097.11 -19565.2 0
20467 -46336.1 0
19496.1 -36022.9 0
4802.58 -13876.9 0
16817.4 -40353.5 0
-9089.13 -28771.4 0
-22496 -39104.8 0
-6151.42 -17394.3 0
-8488.52 -23200.9 0
290.483 -47866.9 0
12990.9 -34760.5 0
-21869 -38633.1 0
-1179.98 -23381.7 0
-4490.58 -18434.9 0
-6013.27 -11934.3 0
-4744.7 -13132 0
605.081 -24726.6 0
3311.79 -51397.6 0
1945.04 -44119.5 0
23.38 -23723.2 0
-3615.85 -32483 0
-2370.92 -8073.48 0
-1175.22 -3095.74 0
21238.3 -37918.6 0
-26703.4 -51862.8 0
-6537.24 -32594.4 0
-3775.54 -23823.5 0
5424.29 -44902 0
-5919.47 -48334 0
4856.34 -36813.7 0
13358.9 -26946.3 0
15199.2 -31281.7 0
-5503.03 -24275.2 0
-2360.25 -44227.1 0
7114.27 -36447.1 0
-5306.16 -46662.8 0
-8443.42 -17952.1 0
9840.01 -26420.8 0
-10766.2 -26181.2 0
-1753.26 -3672.6 0
-1112.61 -21252.6 0
26497.9 -51840.3 0
-6053.16 -43263.1 0
26618.6 -50025.1 0
10051.7 -38277.1 0
2006.89 -44417.4 0
6493.53 -42108.2 0
-2701.86 -18891.9 0
3485.22 -29690.7 0
12042.5 -39939.7 0
-771.27 -4211.68 0
-15065.9 -32988.4 0
-5539.32 -27293 0
-421.241 -3652.77 0
24524.6 -51169.6 0
10481.6 -33210 0
7328.54 -51731.6 0
-29247.3 -51564.4 0
-3075.8 -37494.1 0
-422.817 -12240.5 0
-7741.61 -18489.3 0
11550.3 -24127.1 0
2606.76 -14454.1 0
-8036.84 -38225.3 0
-11216.9 -36527.9 0
22973 -44671.9 0
1362.48 -16272.8 0
-3914.57 -17900.5 0
3974.06 -29735.8 0
-10166.8 -32055.5 0
23384.8 -47914.3 0
11995.5 -37607 0
-9807.95 -29246.2 0
-3127.59 -17792.3 0
-1939.36 -41608.7 0
-4969.71 -49312.6 0
3116.67 -42344.8 0
-10525.6 -24805.5 0
14444 -25285.4 0
-2464.27 -37758.5 0
18605.9 -34475.7 0
-18348.2 -51937.1 0
1623.53 -27880.3 0
-22542.3 -46324.1 0
-1781.59 -15614.3 0
-4240.2 -41655.5 0
14272.1 -40402.6 0
-4374.22 -13173.2 0
16738.5 -34919.6 0
-15342.6 -36085.3 0
-9576.32 -42746.6 0
6654.7 -32788.1 0
-10975.1 -44796.6 0
-4294.5 -40015.7 0
-22162 -40041.5 0
3050.87 -25372.4 0
-3203.4 -52401.6 0
10090 -23527.8 0
1341.5 -5565.11 0
-8345.18 -50496.5 0
13390.4 -52325.2 0
762.66 -1574.84 0
6363.62 -17115.9 0
2567.84 -50305.6 0
10969.1 -24098.2 0
-9979.14 -37210.8 0
-5566.28 -48789.9 0
-140.524 -1446.93 0
-5148.77 -39667.5 0
-2273.34 -43165 0
973.633 -23383.3 0
-3312.87 -47878.8 0
-14520.8 -50527.1 0
3702.17 -20796.8 0
13490.4 -41790.8 0
-3896.23 -24463.7 0
-24163 -42126.9 0
12262.4 -38093.9 0
-15847.4 -47951.6 0
-3309.7 -25803.4 0
3452.98 -16614.8 0
18297.3 -35133 0
16778.1 -29119.6 0
2188.67 -48418.1 0
-6805.99 -28388.7 0
-7163.36 -17171.7 0
-12030.3 -49136.5 0
7341.78 -25343.9 0
11862.2 -52235 0
-15375 -44734.6 0
12302.2 -27214.2 0
-7544.85 -43079.3 0
-12149.8 -32006.8 0
3783.36 -52553.7 0
16399.7 -50299.5 0
4455.1 -16644.6 0
6223.92 -14342.7 0
-680.306 -4498.21 0
2301.23 -13774.7 0
18404.7 -36193.5 0
-2563.91 -5697.51 0
19389.7 -36200.2 0
16776.2 -34513.5 0
19409.3 -48272.3 0
-12805.8 -35109.9 0
11451.8 -27893 0
-20743.1 -51109.4 0
7541.95 -24148.6 0
21496.6 -44737.9 0
-497.778 -30687.1 0
20948.5 -38128.8 0
-3589.92 -31390.5 0
5111.1 -32169 0
15287.7 -47218.5 0
9236.49 -42728.4 0
692.728 -29640.7 0
-8096.49 -26008.2 0
-5506.32 -48120 0
-986.364 -11519.8 0
-11220.2 -27377.8 0
3283.8 -34064.3 0
-5931.38 -21331.3 0
15824.7 -44482.5 0
-2512.74 -20170.4 0
16810.8 -52314.3 0
10719.5 -30561.8 0
8186.7 -48416.7 0
10557.3 -47860.3 0
3460.09 -16024.4 0
13444.6 -42659.1 0
9318.01 -27758.2 0
1976.66 -36794.5 0
-2711.36 -22534.5 0
6167.89 -19720.9 0
3206.99 -28991.8 0
-815.399 -12633.4 0
4098.95 -44012.6 0
-1278.38 -16155.2 0
-2822.89 -7228.94 0
-3676.83 -19586.2 0
15986.2 -40303.2 0
14337.4 -48245 0
20188.3 -51815.2 0
8083.67 -35508.3 0
-6894.51 -14609.5 0
1156.6 -40566 0
28557.6 -50318.7 0
2294.64 -7103.97 0
-5711.62 -31445.8 0
179.804 -6335.76 0
-3541.1 -22941.3 0
16799.8 -41258.2 0
-23134.3 -45616.3 0
16382.4 -31151.8 0
-15348.3 -33775.2 0
9058.08 -19580.3 0
-21147.4 -37769.7 0
-4057.52 -11414.2 0
-17860.4 -38683.7 0
-10001.7 -19912 0
-11180.4 -35415.4 0
8450.39 -42759 0
914.683 -13168.3 0
-13950.3 -37545.7 0
-24889 -44588.2 0
18806.6 -35233.2 0
3415.73 -9097.49 0
-205.341 -11212.1 0
12605.9 -30176.7 0
6993.87 -45606.8 0
1975.17 -38632 0
-3279.31 -22634.5 0
-8836.24 -28862.7 0
4215.83 -10393 0
-19860.3 -52325.6 0
-4578.33 -9232.75 0
-13203.4 -36645.5 0
-16303.9 -36142.8 0
-7289.81 -21682.8 0
-15.8148 -50793.2 0
-14432.4 -35941.8 0
-12691.8 -34933.6 0
-7220.15 -42920.6 0
-11162.2 -41278.3 0
-7987.84 -16970 0
-268.805 -36980.7 0
18757.3 -46155.7 0
23478.5 -41754.8 0
-1499.69 -23967.9 0
-17127.6 -34293.9 0
9499.93 -32522.5 0
-12107.4 -36551.3 0
620.205 -32539.3 0
2818.99 -10510 0
-3578.42 -14350 0
2436.89 -7851.16 0
-10897.3 -22121.5 0
-5588.6 -10399.4 0
-11870.6 -47189.5 0
11570.7 -42894.6 0
-838.325 -43378.3 0
-15359 -40702.3 0
-25549.4 -48765.4 0
7465.56 -17022.1 0
-795.054 -12855.2 0
-12850.8 -27895.5 0
-8978.06 -22627.8 0
9926.2 -18563.2 0
17152.5 -37351.6 0
-3609.99 -16346.9 0
19209 -42948.8 0
26607.3 -47319.1 0
-13885.7 -27270.3 0
4213.32 -11353.9 0
-1544 -16539.5 0
-16831 -37102.1 0
593.749 -3735.74 0
-16554.8 -29855.6 0
4640.15 -18199.6 0
13446.3 -36506 0
-21240.7 -45506.1 0
-8063.9 -39225.5 0
-21419.5 -42273.2 0
-8401.15 -50057.9 0
-1384.15 -10744.7 0
-732.462 -27990.8 0
-3244.92 -8450.59 0
2634.86 -19869.3 0
15798.8 -41462 0
-2028.33 -17326.8 0
1184.8 -31453.9 0
6345.12 -38298.8 0
14416.7 -41841.7 0
7931.37 -31418.3 0
16447.2 -51286.2 0
9124.91 -47298.1 0
8954.7 -46631.4 0
-20631.1 -47796.1 0
-12941.4 -24566.1 0
8386.95 -32137.6 0
-5470.13 -13587 0
-847.572 -48092.4 0
17324.2 -41262.1 0
14162.2 -39896 0
-729.87 -19486.9 0
-13671 -29566.2 0
-18688.3 -42752.9 0
-11206.2 -23472.4 0
1494.44 -38172 0
872.485 -29219.1 0
8115.08 -39476.8 0
2474.04 -10457 0
-1749.1 -36517.8 0
-4817.04 -22418.9 0
5224.86 -49300.4 0
-15266.4 -37365.7 0
7052.6 -12498.8 0
-4771.64 -30402 0
4792.67 -19039.7 0
4643.01 -37410.4 0
-13186.5 -48926.3 0
-77.2029 -21763.1 0
-4349.83 -15027.1 0
-4800.74 -50331.7 0
2648.86 -16630.7 0
4250.14 -47831.6 0
-4952.15 -11542 0
11305.8 -22759.4 0
-1654.62 -11361.1 0
-17138.7 -42133.2 0
-2281.97 -15028.3 0
3205.39 -41894.4 0
10632.3 -37792.5 0
7132.53 -18674 0
-3172.76 -17157.7 0
-3220.5 -11090.7 0
-3132.56 -9872.96 0
-7673.73 -51693.2 0
2076.4 -29734.4 0
-13393.4 -47453.8 0
-8471.06 -16520.3 0
5188.76 -22067.8 0
-9170.33 -39649.4 0
7562.25 -19130.7 0
5427.12 -27896.6 0
-5178.46 -28312.5 0
-10275.6 -37169.2 0
19764.3 -44462.7 0
-2828.76 -10719.7 0
11732.1 -36503.1 0
-13541 -27239.1 0
-11892.3 -29567.7 0
562.153 -15830.7 0
12437.8 -40117.5 0
-2797.44 -8991.34 0
5396.48 -32882.3 0
3683.84 -47890 0
-9340.67 -19450.1 0
-4981.22 -36520.7 0
6262.72 -51503.2 0
1064.4 -24452 0
1693.99 -36343.4 0
18302.8 -31911.4 0
411.301 -17506.3 0
-13507.2 -24882.2 0
12131.1 -33607.7 0
19784.2 -50090.2 0
5434.65 -25723.8 0
8598.97 -46088.9 0
22737.4 -51039.3 0
-527.485 -25942.8 0
10491.6 -27086.8 0
-10737.4 -20129.4 0
-15317.3 -37859.5 0
-27039.8 -49343.4 0
19341 -35860.6 0
-15765.2 -50641.4 0
1658.79 -46483.1 0
-8010.15 -33467.8 0
-929.774 -2351.87 0
-14962.6 -43460.2 0
-11220.5 -26666.3 0
40.0247 -22440.2 0
15816.9 -27577.4 0
-2845.86 -15986.4 0
15313.3 -29279.2 0
-12310.3 -31059.9 0
1774.02 -27715.6 0
4704.02 -28385.4 0
-8718.01 -31037.4 0
6126.04 -22208.9 0
1740.27 -23050.6 0
-6680.49 -45425.6 0
2728.84 -15326.2 0
3873.52 -29361.1 0
1419.79 -19816.9 0
-19091.2 -47435.2 0
4277.09 -17082.2 0
1952.86 -25897.3 0
-6348.81 -20240.4 0
-11067 -28795.6 0
1318.74 -27411.5 0
9366.05 -40745.2 0
-11808 -24677.1 0
18817.3 -34444.5 0
9910.2 -17388.9 0
432.729 -4897.97 0
-14723.8 -49203.2 0
-864.022 -34360.1 0
7348.09 -43847.1 0
-16786.5 -32282.8 0
-24049.6 -47033.3 0
-9871.11 -37655 0
12710.3 -34491.1 0
8007.62 -15784.7 0
-18711.2 -42487.1 0
-6614.67 -15971.7 0
18698.2 -48736.9 0
5468.3 -11887.5 0
2464.32 -7226.11 0
-22831.1 -47195.2 0
25020.7 -43906 0
5136.94 -25304.1 0
6012.96 -38409.8 0
10251.2 -44556.5 0
-4780.66 -47049.6 0
-12834.4 -29441.2 0
-20983.7 -51326.9 0
2121.48 -4246.01 0
1978.47 -10546 0
-14049.8 -26328.4 0
-5028.67 -31243.2 0
22787.4 -45264.8 0
-2676.84 -42056.2 0
3508.26 -30293.6 0
-14071.2 -51509.1 0
580.418 -16843 0
-6922.27 -50283.5 0
902.511 -47273 0
4675.15 -11002.8 0
-1817.92 -28482.1 0
-12279.8 -51966.1 0
-18679.1 -50676.8 0
6450.82 -47833.2 0
-12539.8 -32708.2 0
12207 -37582.2 0
-8665.63 -21197.6 0
8768.94 -38379.4 0
-12868.6 -34008.3 0
-4299.28 -38619.3 0
6724.59 -43557.6 0
-1592.61 -48400.9 0
-2214.28 -10488.8 0
10693.8 -46051.4 0
-2195.71 -28046.5 0
-3611.85 -31929.5 0
-1695.27 -31046.9 0
15149.2 -42950.1 0
3609.35 -18109.3 0
23496.6 -52174.5 0
-12397.5 -41505.4 0
7638.46 -31365.1 0
-245.893 -3051.54 0
-11633.7 -48196.8 0
3026.04 -36502.2 0
-2898.32 -15675.6 0
22947 -41026.4 0
13936.6 -47274.4 0
662.659 -28053 0
-7366.36 -27332.8 0
-2954 -40731.5 0
720.232 -42830 0
20374.9 -52636.8 0
-5578.95 -36499 0
22183.1 -43382.8 0
7824.16 -27314.9 0
101.329 -15432.5 0
3232.53 -49345.5 0
17410.4 -33244 0
8597.79 -51081.6 0
15445.8 -51025.2 0
-180.177 -8256.02 0
-8930.3 -28386.7 0
1611.27 -13447 0
3066.18 -27783.3 0
2283.93 -40044.8 0
5582.52 -18684.6 0
-13329.2 -29689.5 0
-6625.2 -32348.9 0
-28317 -50844.2 0
10426.1 -29895.9 0
12929.9 -23017.7 0
11024.8 -25175.9 0
1979.2 -27194.4 0
4048.13 -13968.6 0
2841.47 -20719.8 0
19196.4 -39817.2 0
-4987.8 -20343.2 0
-12408.7 -38521 0
-766.912 -41367.9 0
10586.3 -28298.6 0
13840.2 -24191.5 0
10166.8 -23305.4 0
3404.42 -8331.64 0
-1442.6 -9043.08 0
5002.25 -12949.5 0
-880.575 -7388.93 0
9764.01 -31882.1 0
-3886.89 -27593.3 0
-20781.4 -40382.3 0
10925.2 -44572.1 0
14962 -35614.7 0
-18014.8 -40673.5 0
11044.8 -27569 0
9625.29 -24746.9 0
-16711.1 -35294 0
-866.045 -3306.61 0
3670.95 -37615.6 0
117.869 -7683.52 0
9240.04 -21921.4 0
-11208.4 -28178.5 0
-15844.5 -50329.4 0
-7675.41 -29113.7 0
-21111.1 -51856.6 0
-4132.87 -43551.2 0
-2123.46 -29549.6 0
13251.3 -36223.4 0
2749.7 -12179.8 0
937.885 -44683.7 0
-3487.37 -44163.5 0
4452.5 -41008.8 0
-7317.34 -24618.1 0
6929.1 -20430.9 0
-5093.27 -47205.7 0
-12386.8 -44472 0
-4529.52 -40632 0
-14704.1 -51292.8 0
26035 -51116.3 0
7148.66 -45770 0
-2483.3 -39323.7 0
12900.2 -49224.9 0
822.122 -8099.71 0
4345.86 -13071.4 0
16216.1 -30975.1 0
-12577.5 -47418.5 0
-12718.3 -43652.8 0
9603.64 -30617.7 0
-9794.67 -27759.6 0
-16114.3 -33082.7 0
-1283.72 -40327.3 0
11796.2 -42756.6 0
4694.24 -52155.5 0
-13659.8 -30266.1 0
-1400.57 -21080.8 0
-7526.86 -25134.4 0
-4308.19 -19104.8 0
-1324.37 -31427.9 0
-6612.39 -13684.6 0
-22557.2 -43744.6 0
-10257.5 -32848.5 0
-11258.4 -51380.2 0
4210.61 -42198.3 0
17564.8 -38096 0
-5624.38 -20467.9 0
-2440.97 -15604.7 0
-18425.6 -34265.4 0
2547.98 -29593.6 0
-13916 -37121.7 0
-3637.52 -45799.5 0
4196.52 -14677.6 0
16126 -46739.6 0
9898.07 -24662.4 0
6255.08 -46815.9 0
-20137.8 -48949.8 0
-973.952 -29041.7 0
-2375.4 -30108.3 0
8153.99 -14632.1 0
7296.51 -43410.7 0
24547.8 -49078.4 0
16559.7 -39777.5 0
-8536.8 -22512.3 0
14997.7 -28318.4 0
-13229.6 -50945.9 0
7557.16 -19761.2 0
-5862.19 -20176.2 0
5426.03 -22694.1 0
6239.01 -24118.4 0
-26181.1 -48234.5 0
5551.63 -14318.6 0
10935.6 -22332 0
23922.8 -44401.2 0
-11974.5 -23974.4 0
6180.44 -16355.7 0
-6946.31 -29872.8 0
-6176.5 -49143.6 0
-3754.28 -13708.1 0
3662.91 -27562.5 0
-2847.58 -12561.9 0
-24.5512 -50176.6 0
2174.9 -10166.4 0
-6310.73 -40863 0
2951.93 -28988.7 0
-4283.32 -24950.8 0
1996.28 -43614.9 0
-13308.6 -46039.8 0
-12808.3 -27178.3 0
-9801.84 -46361.9 0
23895.7 -51045.6 0
-7684.01 -33426.4 0
7760.1 -47006.3 0
20716.4 -40158.5 0
-4309.6 -8195.25 0
3085.86 -38451.8 0
-22896.2 -48488.2 0
1883.5 -21397.9 0
-18179.1 -34068.8 0
-9786.41 -35664.4 0
-12708.3 -51706.9 0
2779.94 -10858 0
-22191 -44501.8 0
-23484.8 -48132.3 0
17239.3 -50372.6 0
23933.1 -48113.2 0
-9520.82 -30436 0
6230.48 -21898.1 0
-917.088 -26113.1 0
21505 -37470.9 0
-7556.89 -14390.7 0
3089.78 -33947.1 0
3582.01 -38614.8 0
-5598.85 -42874.8 0
-6332.06 -26143.6 0
-6126.68 -31824.4 0
15250.9 -28301.1 0
7212.4 -49473.3 0
-394.317 -11073.7 0
8278.39 -29513.3 0
23114.2 -41446.6 0
-10059.2 -35413.5 0
-26109.2 -50998 0
2253.76 -22166.3 0
-880.483 -34561.2 0
13046.9 -29686.8 0
9315.31 -31072.8 0
-3307.62 -21759 0
2400.74 -32779.5 0
825.789 -36773.8 0
-3192.85 -26574 0
-13684.3 -35215.3 0
-13808.4 -26818.1 0
-2832.77 -44106.3 0
19391.3 -44849.8 0
-1869.57 -27869.5 0
-8360.43 -50896.3 0
-20.0498 -4103.81 0
-8879.64 -31826.5 0
9501.09 -46340.2 0
165.359 -29897 0
10703.2 -28068.4 0
17161.2 -41420.9 0
-3970.45 -18490.4 0
-12182.7 -37109.6 0
5235.07 -21772.1 0
-1954.61 -17658.4 0
6085.69 -18864 0
13409.6 -49539.3 0
-13887.3 -33745.9 0
-6314.68 -31901.7 0
-6594.12 -27987.2 0
-3799.85 -20341.4 0
1088.53 -7783.08 0
14143.8 -50458.3 0
10766.8 -33685.4 0
-13885.4 -33292.8 0
-1213.78 -47167.2 0
-23028.2 -43749.6 0
-1946.36 -21229.7 0
-6650.39 -41519 0
5475.09 -28567.7 0
1224.38 -37677 0
19056 -48331.7 0
14820 -31857.6 0
20706.9 -52509 0
2432.01 -9394.5 0
5594.75 -31863.2 0
613.993 -11959.4 0
-8822.7 -23153.8 0
7380.14 -33647.6 0
4537.58 -8707.64 0
2413.33 -11461.3 0
-16615.3 -29492.3 0
-17776.8 -42444.2 0
21341.8 -41522.7 0
10506.9 -36152.6 0
-4027.93 -18972.3 0
8948.1 -26014.8 0
12408.3 -51284.9 0
-125.51 -16514.2 0
-2318.37 -16344.6 0
4463.38 -17882.4 0
6781.24 -29855.5 0
14892.7 -42375.4 0
-5154.47 -24663.9 0
2397.33 -44703.7 0
22689 -49661.5 0
-5539.63 -14147.7 0
-4661.73 -51878.9 0
5376.41 -19765.8 0
13251 -32431.3 0
-15853.7 -38360.3 0
-6901.17 -49633.6 0
11897.7 -39035.3 0
2123.5 -21359.3 0
-2546.98 -6481.27 0
3520.24 -17373.8 0
-7800 -49025.5 0
20786.5 -38335.9 0
-20126.1 -44038.3 0
-12666.5 -29574.9 0
-3869.35 -42699.3 0
-16670.9 -33445.5 0
-12334.7 -29285.4 0
11883.4 -26666.7 0
-7794.58 -15522.1 0
10219.9 -22392.6 0
-21716.2 -49106.9 0
-17410.2 -41702.4 0
4547.73 -30731.6 0
5723.18 -44061.6 0
-4608.21 -22562.8 0
-12041.3 -22595.2 0
11240.8 -24680.2 0
-8827.86 -21408.8 0
-535.869 -11230.1 0
17304.5 -30284 0
16977.9 -34687.9 0
619.45 -31704.7 0
2797.3 -9248.23 0
-11537.8 -21666.9 0
-21689.3 -45077.3 0
21782.6 -50339.7 0
-4625.75 -17393.2 0
16915.3 -48944.8 0
-12599.9 -48181.1 0
24326 -49917.1 0
7543.48 -18571.3 0
10216.9 -49530.5 0
10284.8 -33991.7 0
12998.8 -51907.6 0
-11828 -36491.2 0
-12955.8 -43386.7 0
22653.1 -42082.8 0
-16287.7 -40175.1 0
12948.9 -50735.1 0
7778.18 -45308.4 0
-249.884 -32264.3 0
-4771.26 -10307.8 0
-7544.08 -52134.6 0
9516.81 -39072.5 0
-3157.42 -39707.7 0
-3080.55 -29363.9 0
12581.8 -41390.8 0
-525.732 -31630.9 0
1428.44 -18629.9 0
-15880.9 -32301.1 0
2503.7 -8746.81 0
-16223.1 -29238.4 0
-13125.2 -44494.5 0
1451.78 -23820.7 0
-16509.6 -44904.9 0
11349.6 -21985.5 0
-16098 -44478.1 0
-8472.58 -46594.8 0
23354 -46095.4 0
6360.19 -19846 0
6329.15 -20809.2 0
2679.84 -27368.4 0
-3054 -33187.8 0
3658.38 -52062.3 0
-271.513 -44700.6 0
17677.9 -49703.6 0
11021.3 -32183.8 0
-9976.91 -35789.6 0
17043.3 -38014.1 0
-7742.89 -13429.7 0
9325.14 -46644.4 0
6405.09 -18447.5 0
-4206.48 -13428.4 0
20969.9 -43597.4 0
-11566.7 -32329.2 0
9708.96 -18581.9 0
-3406.44 -11681.1 0
3674.99 -7099.67 0
-4135.56 -34641.9 0
-1939.53 -39953.4 0
868.359 -16174.1 0
421.036 -21914.7 0
-9373.09 -48386.3 0
7388.13 -21940.5 0
858.352 -34471.6 0
2044.4 -18872.8 0
124.442 -3445.61 0
16418.9 -30595.1 0
11173.6 -40412 0
-19088.2 -46131.1 0
13007.9 -30025.2 0
5495.98 -11364.9 0
-2366.6 -9387.77 0
-10507.9 -46730.5 0
-11967 -31831.6 0
-20705 -45130.7 0
-5703.52 -37312.2 0
-13767.8 -40534.9 0
-9664.74 -34541 0
14376.3 -37327.2 0
-3895.8 -41351.6 0
-2822.78 -33056.2 0
-14421.7 -25760.2 0
-7144.58 -16702.9 0
13787.3 -50843.7 0
29726.4 -52487.7 0
23268.4 -41190.3 0
-3410.37 -17961.7 0
1341.06 -45259.1 0
-1094.71 -34838 0
18543.5 -45203.6 0
10700 -48400 0
16841.2 -47029.7 0
-11321.5 -26489.8 0
8238.4 -52609 0
18898.9 -34033.9 0
10079.9 -24822.7 0
10973.1 -41212.5 0
20103.8 -40207.7 0
9923.86 -23345.3 0
11307.1 -34137.7 0
-1910.8 -21010.7 0
-13024.3 -29901.1 0
-1708.44 -45926.2 0
-2493.36 -27151.5 0
-1847.59 -16974.9 0
17796.8 -41210.3 0
-759.056 -38761.2 0
-1616.7 -25726.1 0
2902.17 -21610.7 0
-10962.6 -43324.8 0
-17939.3 -50892.3 0
-11545.1 -41384.5 0
-7395.34 -42525.8 0
15134.9 -28014.5 0
-17601.6 -35815.6 0
670.943 -8786.87 0
1510.67 -22526.6 0
3336.67 -44878 0
16950.5 -51076.2 0
-8652.82 -29733.5 0
20033.9 -39160 0
8837.49 -35653.8 0
6098.92 -51114.6 0
3179.24 -16390.1 0
7550.21 -48972.8 0
26872.3 -48016.5 0
22995.4 -42380.2 0
3720.32 -11849 0
-9256.24 -44149 0
23515.6 -48913.8 0
9110.25 -47803 0
4567.83 -19182.4 0
-7887.73 -13956 0
4936.31 -12168.5 0
14373.5 -25490.4 0
-1773.15 -45302.1 0
7141.78 -42375.1 0
12123.3 -22686.2 0
6831.25 -25758.8 0
19247.4 -37232 0
-16505.3 -47266.9 0
2650.41 -46589.8 0
2890.07 -12665.1 0
-1141.79 -42959.5 0
8630.56 -43523.6 0
-188.169 -27967.8 0
1084.99 -28823.6 0
10202.8 -28925.8 0
-9118.61 -52157.4 0
6978.43 -12829.1 0
-25549.3 -49944.5 0
10094.8 -30152 0
13711.2 -45950.3 0
-5722.39 -18135.2 0
-2905.36 -35739.5 0
-490.247 -28626.7 0
3911.55 -30993.5 0
-1747.92 -41149.5 0
410.921 -14362.5 0
-1571.75 -44677.3 0
2285.28 -44302.8 0
6159.15 -21419.3 0
-5285.86 -42042.4 0
4851.39 -14457 0
1676.52 -19498.9 0
1576.77 -34977.6 0
-23387.8 -51071.3 0
13095.2 -35159.9 0
-6629.33 -42625.9 0
-24202.2 -50920.8 0
-13972.5 -24405.6 0
-17856.5 -38074.8 0
9305.87 -28364.7 0
12572.3 -36966.1 0
-12060.6 -37351.1 0
3848.28 -21677.9 0
8050.14 -17259.7 0
3612.65 -32706.7 0
626.456 -36984.9 0
-18026.5 -31524.5 0
-8653.42 -40785.1 0
-8759.83 -25806.9 0
1672.04 -19841.9 0
5868.14 -39487.5 0
9053.75 -33168.5 0
22809.3 -51926.2 0
1084.27 -9845.43 0
4740.09 -33967.9 0
-6720.61 -27396.1 0
-9820.62 -26010 0
-6180.67 -44281.3 0
7492.38 -24359.1 0
-7154.97 -24876.1 0
-7074.17 -14871.2 0
-3984.93 -20114.8 0
12309.9 -49672.8 0
-2418.19 -38659.7 0
9253.43 -42194 0
-21233.3 -47863.9 0
-9710.23 -26794.9 0
19933.6 -46314.9 0
-2390.47 -50801.1 0
7249.53 -23320 0
-5417.49 -19691.8 0
5508.45 -14062.5 0
-29589.1 -52190.7 0
-7931.15 -19343.9 0
-906.336 -30818.2 0
-6946.49 -34089.9 0
-1215.78 -37267.5 0
22741.8 -40760 0
8967.38 -25268 0
4072.66 -37068 0
15469.2 -41221.5 0
-1969.02 -4872.52 0
-2971.19 -13076.1 0
4124.67 -17396.9 0
-3412.75 -36193 0
-26454.3 -46643.2 0
-1662.87 -34858.9 0
14210.9 -42105.6 0
-15126.6 -31436 0
8828.53 -31700.2 0
-2800.44 -9921.72 0
1932.19 -30711.2 0
9734.72 -28071.5 0
-13375.6 -48536.8 0
2604.23 -47217.7 0
346.365 -36668.7 0
-1702.82 -32127.1 0
20642.1 -36283.7 0
-3806.42 -29625 0
-3012.47 -11573.2 0
5961.71 -10840.4 0
-2019.2 -13426.7 0
-13300.9 -24916.4 0
12189.9 -33365.4 0
20649.3 -40756.1 0
1455.61 -27741.9 0
-5784.17 -47180.1 0
-1051.6 -32073.9 0
274.193 -24317.3 0
-22282.8 -48066.8 0
6665.51 -26086.4 0
-19280 -42694 0
23388.5 -51429.2 0
7053.51 -25277.2 0
10810.2 -43709.3 0
-8118 -19208.6 0
-15968.5 -34736.2 0
713.835 -38566.4 0
14997.3 -33455.8 0
250.716 -38982.5 0
-16721.4 -32487.4 0
17236.1 -47398.4 0
-758.196 -11541.1 0
-3853.95 -11258.8 0
12189.2 -49897.5 0
22719.5 -49934.1 0
9946.85 -21838.7 0
3943.64 -44161.8 0
471.962 -31365.2 0
2759.66 -40351.1 0
754.227 -14989.8 0
-18331 -39273.3 0
-16350.3 -51037 0
7657.25 -24970.9 0
18163.2 -51385 0
-11584.5 -22032.4 0
17003.4 -49293.4 0
5386.81 -21535.8 0
-4232.87 -9635.03 0
-2932.21 -31410.2 0
-11892.1 -41250 0
16920.6 -51378.3 0
-7975.96 -22892.5 0
-22820.5 -50650.1 0
3326.47 -11724 0
4410.78 -29957.9 0
28327.5 -49998.1 0
-18559.2 -35983.4 0
1018.86 -34929.9 0
9953 -20648.2 0
-10046.9 -40876.7 0
13667.2 -41055.9 0
15487.2 -30410.7 0
-865.554 -33500.3 0
-8984.01 -32983 0
13700.1 -52063.4 0
-12395 -25003.6 0
-2266.48 -27243.9 0
-301.497 -36374.6 0
6206.07 -46499.3 0
-2739.17 -41684 0
-7859.94 -27143.2 0
9603.08 -37404.7 0
-22578.3 -48645.4 0
13242.1 -23088.8 0
-20120.7 -38125.3 0
25199.7 -49396.6 0
4652.68 -42259.8 0
4037.44 -43214.8 0
11332.5 -33784.3 0
-18902.9 -49536.2 0
4471.62 -52320.8 0
703.091 -19328 0
-7613.53 -30524.5 0
-3895.67 -45718.3 0
-11469.2 -35151.7 0
-425.268 -48842.8 0
7074.54 -40073.9 0
12683.5 -32269.7 0
2649 -23701.6 0
1141.44 -32349.3 0
-9745.05 -34342.7 0
2126.72 -30474.4 0
-15090.5 -34359.2 0
-18873 -44838.6 0
1533.71 -33264.9 0
2087.13 -32330.9 0
7364.18 -19649 0
6052.86 -52510.3 0
7004.67 -43765.4 0
-11790 -31339.3 0
8305.49 -18709.3 0
-9622.71 -42102.2 0
-1386.64 -7647.03 0
-23269.1 -46348 0
21462.7 -42767.4 0
14002 -32779.1 0
-2160.42 -23036.4 0
3677.89 -19653.1 0
-20021 -42665.3 0
6071.02 -18120.9 0
-14816.1 -40384.7 0
4308.04 -26991.2 0
2335.08 -28707.6 0
16279.2 -44774 0
-1880.15 -47204.3 0
2199.01 -29548 0
14666.1 -28669.4 0
-8573.02 -37787.5 0
11447.7 -34819.1 0
3094.03 -13102.2 0
1573.95 -18103.9 0
-12554.9 -37696.6 0
-17343.3 -40086.9 0
-5269.37 -19527 0
-10488.7 -47099.7 0
-9579.94 -33785.7 0
-1502.94 -20840.1 0
4204.74 -22903.5 0
3497.07 -28765.7 0
3392.91 -23676.4 0
21231.8 -38175.5 0
-1584.93 -11776.6 0
9070.36 -27880.8 0
14958.3 -32311.5 0
20154 -43007.2 0
-5580.89 -11429.2 0
1445.14 -18324.1 0
4264.9 -27655.5 0
3980.22 -38407.6 0
6397.63 -12740.1 0
-26755.6 -49736.6 0
16094.5 -31331.8 0
13263.3 -39724.5 0
-159.567 -21375.9 0
-20910.9 -51705.2 0
5421.61 -42704.1 0
-7162.57 -23715.5 0
11729.4 -51319.5 0
2377 -5861.73 0
-18598.3 -45256.6 0
13225.1 -25245.9 0
-12734.5 -24884.4 0
-13491.3 -48190.9 0
-7670.27 -31398.6 0
-8192.7 -29329.6 0
-1411.29 -10066.7 0
-13411.4 -26911.9 0
15522.2 -28792.5 0
-7220.75 -24000.3 0
5139.38 -9777.97 0
7446.43 -17654.1 0
-23214.8 -51510.7 0
5784.93 -19524.6 0
2258.8 -8333.93 0
-23648.6 -41149.6 0
-11542.7 -31531.7 0
-2639.75 -28096.1 0
338.832 -47262.7 0
-8670.64 -35653.3 0
-12092.3 -27427.6 0
-5831.79 -46471.9 0
-6225.61 -28976 0
-6904.44 -27900 0
2693.05 -35204.6 0
-18061.1 -44688.8 0
-11943.9 -37029.6 0
3736.05 -50529 0
-15551.3 -48805.4 0
-4712.87 -27134.8 0
3366.76 -12252.4 0
-4794.57 -36179.5 0
24742.6 -43203.2 0
2994.01 -17511.4 0
7046.81 -47454.5 0
-7925.39 -32599.1 0
820.869 -2928.87 0
8545.96 -41804.5 0
20380.9 -50275.8 0
-10139 -29203.4 0
-967.644 -49921.1 0
-28610.4 -51537.9 0
2208.06 -36466.5 0
-11080.2 -19727.4 0
-6829.69 -27151.5 0
-4898.69 -23519.9 0
125.111 -21925 0
6189.5 -18287.8 0
15717.8 -47795.4 0
-15766.8 -37102.2 0
-11693.1 -39268.1 0
9647.94 -44686.1 0
-12860.6 -30982.7 0
-29143.7 -52032.3 0
-2877.94 -38751 0
-7897.26 -41732.3 0
-7824.12 -49649.1 0
-4394.28 -8838.53 0
-19078.7 -48854.2 0
-1476.51 -6294.61 0
2504.65 -29280.4 0
-4455.82 -13607.7 0
-4751.09 -47863.9 0
3303.56 -25190.9 0
4190.89 -40238.7 0
-15292.1 -35564.9 0
2060.72 -5867.55 0
273.275 -11400.8 0
-1109.53 -38532.2 0
-18830 -36135.2 0
10254 -25148.7 0
-1207.69 -30018.2 0
-610.36 -12683.1 0
-11088.1 -19346.3 0
-3565.96 -6232.06 0
-13714.1 -48348.1 0
-4087.54 -45952.7 0
971.688 -15945.7 0
-3273.39 -12408.6 0
-6690.66 -26553.8 0
-6122.24 -49530.3 0
-2334.08 -36404.1 0
16051.8 -36734.2 0
12038.6 -27946.9 0
-759.449 -9753.68 0
16931 -44077.5 0
-8115.11 -24632.3 0
-16042.1 -35104.8 0
-28446.3 -52622.3 0
-689.322 -3152.57 0
-18685 -43621.3 0
-11374.4 -48786.1 0
11060 -49087.9 0
15161.2 -34428.3 0
-7409.96 -18111 0
11265.2 -37339.5 0
-4027.12 -47004.7 0
158.142 -28111.9 0
-19526.5 -37906 0
-14841.2 -35359 0
6709.57 -12545.8 0
-11494.6 -40513.5 0
6221.28 -23383.3 0
-15465.7 -28704.3 0
11563 -30294.9 0
-14792.6 -51911.4 0
-16399 -30613.3 0
-4483.71 -37034.2 0
-6413.96 -31216.5 0
-18703.8 -47300.5 0
208.717 -4983.92 0
-14585.6 -31297.8 0
6839.66 -19271.1 0
289.219 -52036.4 0
7782.76 -17106.5 0
-10097.8 -21576.5 0
8348 -20650.8 0
-11711.7 -23240.5 0
-13131.7 -46536.8 0
-4246.7 -41873.9 0
17223.2 -49060 0
-10116.4 -29948.8 0
3112.23 -20782.1 0
-11304.2 -42923.4 0
-9688.6 -17284.3 0
12681.2 -25043.1 0
16381.9 -33576.8 0
14989.7 -28650.4 0
10546.4 -26371.1 0
-2515.23 -24967.3 0
7188.5 -31127.8 0
-1342.15 -46670.8 0
1193.9 -3908.99 0
3063.31 -39600.5 0
-11718.3 -32885.1 0
-4862.91 -18413.1 0
-1084.3 -19292.2 0
10009 -32521.3 0
7043.4 -29680.9 0
-21038.7 -45365.1 0
7684.06 -33029.5 0
-1878.36 -26045.5 0
4709.45 -40008.8 0
-2300.33 -7691.7 0
17195.4 -33339.2 0
9306.68 -19816.6 0
13562.1 -32366.3 0
-1245.45 -18812.6 0
