200
1360.75 -422.468 500
1132.4 1193.76 500
1646.59 -1209.79 500
-659.109 1072.92 500
-888.901 215.88 500
-90.4118 515.484 500
-540.862 53.6036 500
1808.92 1664.78 500
542.847 869.188 500
-1433.59 427.876 500
-1934.8 -1028.45 500
-1451.07 1216.71 500
-1373.28 -396.222 500
-1480.84 -1564.76 500
1995.7 -1126.97 500
51.7296 1356.45 500
450.559 -815.874 500
550.209 97.1488 500
-25.6681 1891.1 500
106.98 1079.66 500
-399.086 1566.12 500
-866.741 -590.167 500
1230.9 1676.11 500
-1720.98 1797.31 500
103.981 -1655.78 500
-1231.14 652.908 500
1560.93 -604.428 500
-1743.31 -1919.91 500
-169.193 -1747.62 500
-1046.88 1882.54 500
1608.83 1403.68 500
50.1415 670.895 500
-249.45 1727.34 500
1723.24 883.809 500
-862.826 954.137 500
559.915 -583.805 500
751.446 -1336.1 500
1316.8 -678.651 500
-1084.13 1573.49 500
-598.559 746.68 500
1825.87 354.561 500
629.216 1434.71 500
-406.253 1259.07 500
736.874 1643.89 500
-70.0374 -1136.7 500
-1409.36 1524.25 500
564.322 -272.186 500
-1249.87 -895.061 500
225.775 -333.995 500
737.78 -467.247 500
999.084 -525.346 500
-823.359 -1070.95 500
337.954 -1022.35 500
-1390.44 928.594 500
-1789.88 86.2535 500
1191.19 930.618 500
626.255 1869.62 500
-1720.37 -1181.38 500
-154.318 1278.71 500
-1792.24 -1368.77 500
1559.82 -1498.13 500
1991.2 -1783.77 500
1482.16 -1710.68 500
-1983.35 1692.28 500
375.569 -1278.51 500
749.55 -1601.44 500
-782.819 1968.91 500
307.884 1510.46 500
991.237 515.64 500
-1858.32 991.211 500
1917.74 975.245 500
1613.47 1934.38 500
598.828 -1007.82 500
802.48 -732.531 500
-1703.36 532.289 500
1777.27 -196.33 500
-654.595 1390.74 500
-261.947 -1987.07 500
-620.228 393.925 500
1332.97 -1064.43 500
701.904 -68.1989 500
-72.2567 -780.177 500
487.291 -1836.54 500
-344.065 783.935 500
695.746 550.561 500
-611.537 -1261.51 500
436.423 508.632 500
961.754 -1191.15 500
-1554.9 -553.596 500
1103.07 -846.482 500
1937.45 -1985.69 500
-1515.43 743.143 500
1174.63 192.168 500
-810.846 1619.73 500
-7.42429 304.798 500
1458.32 -30.4047 500
-1287.17 -1112.14 500
1633.94 488.382 500
1347.31 1272.51 500
-545.607 -846.922 500
-674.457 -1635.41 500
634.987 1047.11 500
-50.2925 -1370.91 500
1939.38 -647.028 500
1462.14 884.023 500
-1803.35 -203.58 500
-1156.47 -104.424 500
-792.948 628.48 500
1236.38 -1473.19 500
314.539 119.597 500
-1065.38 1319.23 500
-1719.64 -1604.65 500
-1207.92 449.768 500
-737.368 -263.966 500
-1076.02 -457.007 500
221.591 -1941.68 500
-479.141 -471.331 500
743.945 1239.14 500
1207.59 711.249 500
-1388.5 -1868.43 500
-1745.76 742.887 500
801.205 271.324 500
-1995.5 -1977.16 500
-1275.36 -634.582 500
-1371.44 13.8439 500
1475.7 189.588 500
955.838 1729.94 500
205.772 1733.68 500
1756.52 1198.58 500
1256.55 377.989 500
1743.41 -701.834 500
-948.862 417.515 500
1181.96 1460.34 500
1492.09 657.658 500
-350.07 447.923 500
154.226 -1406.63 500
294.885 1251.79 500
520.973 1694.05 500
951.754 -148.591 500
1596.34 1068.05 500
1619.13 -969.659 500
-88.1565 -559.58 500
586.081 370.768 500
-1924.36 -624.634 500
405.707 1082.74 500
1548.79 1733.09 500
1786.56 -1510.7 500
-1493.32 -1089.79 500
-574.468 1991.88 500
794.852 727.687 500
1237.48 -1243.75 500
-1023.41 -1455.32 500
338.341 -94.5813 500
-226.645 -923.911 500
-1141.9 1036.83 500
-967.553 734.296 500
-1935.29 1380.49 500
-999.159 -975.088 500
-1979.7 -50.9833 500
1693.52 -1826.42 500
-96.2106 1029.13 500
1110.02 -1972.08 500
-1306.8 1750.86 500
1043.45 -1613.27 500
1924.43 1381.09 500
-173.943 -262.408 500
401.969 -1480.1 500
-402.8 -1153.74 500
-1978.26 599.146 500
-1495.11 -152.204 500
-1663.26 1121 500
-472.449 -1610.04 500
687.363 -1882.1 500
244.029 578.079 500
-844.994 1234.47 500
401.622 1870.78 500
-177.238 129.368 500
-1917.97 -1787.71 500
-364.088 -160.254 500
-567.059 1723.42 500
1283.7 1873.58 500
-1965.73 1984.17 500
-477.152 -1972.18 500
-1025.89 -1901.7 500
980.618 122.209 500
94.9814 -1012.04 500
-1101.43 166.972 500
1887.27 615.039 500
-1492.78 -1331.04 500
227.631 -834.275 500
-1008.15 -1225.74 500
886.16 907.385 500
229.166 834.462 500
-1999.81 -1380.29 500
-768.947 -1873.39 500
1076.3 1958.17 500
913.183 -1813.95 500
1957.93 133.01 500
-450.135 273.518 500
-1653.62 -831.17 500
