0.000423251
0.00439238
0.000785016
0.00239396
0.0029305
0.00188997
0.000802818
0.00397087
0.00137067
0.00246448
0.000583868
0.00242052
0.000517474
0.00343628
0.00107688
0.00203662
0.00151966
0.00349636
0.00859281
0.000809986
0.000700276
0.0019788
0.00245304
0.00183304
0.00318157
0.0038742
0.00448878
0.00418967
0.00359428
0.00374492
0.00294409
0.0036226
0.00298666
0.00420841
0.00181401
0.00112433
0.00560716
0.00134792
0.00718014
0.00252254
0.00630387
0.00359695
0.00767436
0.00141584
0.00688427
0.00419196
0.00208739
0.00184458
0.00665325
0.00202938
0.00314354
0.00468552
0.0068294
0.00564789
0.00812522
0.00267147
0.00175971
0.00323306
0.00555902
0.00147269
0.000676859
0.00377887
0.000778457
0.00514566
0.00118207
0.00537491
0.00502151
0.00402869
0.00376683
0.00117763
0.00555667
0.00166473
0.00139296
0.00230909
0.000453245
0.0047464
0.000605817
0.00418021
0.00209823
0.00267166
0.0026365
0.00381379
0.00411212
0.00234778
0.00198661
0.00284467
0.000911695
0.00375811
0.0073306
0.00315794
0.00351958
0.00679741
0.00654444
0.00249779
0.00136351
0.00279627
0.00529022
0.00286266
0.00608951
0.00247881
0.00218198
0.00150649
0.00345359
0.00207294
0.00158931
0.00339361
0.0038882
0.00262093
0.00583315
0.00352334
0.00697665
0.00243376
0.00108611
0.00289257
0.00440108
0.00105621
0.00438778
0.00465855
0.00460083
0.0011225
0.00516557
0.00535873
0.00369291
0.00257326
0.00461467
0.00347789
0.0043589
0.00330362
0.0046477
0.00175453
0.00666169
0.00408561
0.00165802
0.00220886
0.0036316
0.00368282
0.000534795
0.00166037
0.00413943
0.00277465
0.00339925
0.00220528
0.00466343
0.00394603
0.00490494
0.00601971
0.00391153
0.00295447
0.00148841
0.00253757
0.00395594
0.00395626
0.00275839
0.00179557
0.00439797
0.00735704
0.00529461
0.00333939
0.0038481
0.00610068
0.00368735
0.0026518
0.0045162
0.00422874
0.00304284
0.00262344
0.00400026
0.00372148
0.00365911
0.00416652
0.00381607
0.00114843
0.00382252
0.00279737
0.00064226
0.000250229
0.00464544
0.00411779
0.00332162
0.00159084
0.0042094
0.00290519
0.00339005
0.0016253
0.00336872
0.003567
0.00280557
0.00239082
0.00426956
0.00303804
0.00377433
0.004568
0.00433771
0.00400071
0.00269659
0.00163469
0.00385909
0.00384367
0.00238879
0.00133082
0.00366966
0.00374354
0.00339705
0.00310525
0.00466269
0.00436703
0.00290592
0.00227586
0.00324588
0.00273089
0.002913
0.0039078
0.00328653
0.00243345
0.00385271
0.00335563
0.00303278
0.00316505
0.00390525
0.00501183
0.00354048
0.00248472
0.00172422
0.00216106
0.00364184
0.00427227
0.00300386
0.00290991
0.00489896
0.00290053
0.00333972
0.00390593
0.00376868
0.00615682
0.0033364
0.00445337
0.00242995
0.00238231
0.00381781
0.00274779
0.00310963
0.00382474
0.00254816
0.00379566
0.00344773
0.00469375
0.00341901
0.00119887
0.002579
0.00442225
0.00456155
0.00261916
0.0031308
0.00267784
0.00351676
0.00260856
0.00311308
0.00261601
0.00254691
