200
0.534181 -3.36268 0
0.415954 -4.49429 0
0.423596 -2.78584 0
-0.989032 -0.8561 0
-0.242688 -1.14662 0
-1.57075 -2.29854 0
-0.855333 -1.5503 0
2.20833 -3.20661 0
-1.19078 -3.88605 0
0.96426 -1.33335 0
0.609624 -2.46048 0
1.32036 -0.98246 0
0.559765 -1.68048 0
0.188198 -2.32325 0
-2.11021 -2.69498 0
-0.567541 -3.00872 0
-0.858789 -3.52931 0
-2.45245 -2.4242 0
-0.513758 -0.645929 0
-1.91523 -2.84804 0
-1.82174 -1.20356 0
-0.184794 -1.65325 0
0.822706 -4.69111 0
2.16888 -1.50661 0
-0.21424 -2.55844 0
0.594322 -0.958818 0
0.679105 -3.08327 0
0.0464695 -2.50331 0
0.180182 -0.0807312 0
1.75429 -3.76088 0
-1.35814 -1.16852 0
-1.67953 -2.65569 0
-2.17295 -1.62527 0
1.64985 -3.28927 0
-0.56951 -3.21137 0
-0.159379 -2.91039 0
0.297006 -0.288688 0
-1.02154 -1.12377 0
1.43001 -2.92432 0
-1.19172 -4.33249 0
-0.923192 -4.62809 0
-0.541263 -2.46334 0
1.33297 -0.744063 0
0.17399 -3.27913 0
0.266587 -1.87915 0
-0.98549 -2.88806 0
1.10719 -0.520882 0
-1.91799 -2.46821 0
2.34832 -2.74881 0
-0.387068 -3.40911 0
-0.00133909 -3.45332 0
-0.160525 -1.95952 0
1.06326 -1.01249 0
1.24494 -2.09664 0
0.546866 -4.28898 0
-1.35208 -4.55533 0
0.467356 -2.30355 0
-2.00769 -2.0267 0
-1.70769 -3.37064 0
2.32823 -2.46224 0
-0.378178 -2.77631 0
-0.837598 -0.163882 0
-1.96039 -3.55278 0
-0.0218413 -4.10981 0
1.84027 -2.10667 0
1.16622 -4.54586 0
1.46648 -4.02182 0
1.86109 -2.76497 0
2.03817 -3.93907 0
-0.625865 -3.61053 0
1.07772 -0.727491 0
1.42703 -1.80548 0
0.270694 -0.902694 0
-2.44561 -2.68758 0
1.0688 -2.91311 0
-1.10434 -0.691469 0
-0.848325 -1.2739 0
0.294781 -3.03438 0
-0.764493 -2.43599 0
-1.50578 -1.61959 0
-0.739965 -3.95172 0
-0.266932 -2.14137 0
-1.22491 -3.52493 0
-0.371138 -3.05568 0
-0.145901 -0.31419 0
0.698307 -1.93595 0
-1.32632 -3.21677 0
0.416979 -1.50378 0
0.164575 -4.2793 0
1.25281 -1.32961 0
0.374564 -3.85422 0
-0.668471 -0.339914 0
-1.45373 -2.50618 0
0.819137 -3.45723 0
-0.990703 -3.27292 0
0.961001 -4.07742 0
-1.06492 -0.42682 0
1.31721 -3.37676 0
1.07112 -4.28773 0
-1.30917 -1.49874 0
-0.476176 -1.97333 0
-0.112544 -2.32257 0
-1.04264 -4.13783 0
1.17118 -3.58163 0
0.0293141 -1.70108 0
0.849565 -2.60428 0
1.20763 -3.88368 0
0.156914 -2.70071 0
-0.529787 -0.952053 0
1.09018 -1.51078 0
-1.38221 -0.791021 0
-0.0921171 -0.561648 0
-1.48265 -4.02385 0
-0.439053 -1.51994 0
-0.703804 -1.864 0
-0.107497 -0.887485 0
-2.19602 -3.27217 0
-0.799814 -4.40328 0
-2.0838 -2.96095 0
-1.00421 -2.64048 0
-0.440154 -3.88656 0
0.699828 -1.46299 0
-0.163082 -4.87026 0
1.87184 -3.27612 0
0.588262 -3.90296 0
0.753243 -2.84431 0
0.615417 -4.6173 0
-1.31648 -1.71619 0
0.644641 -3.65151 0
0.939005 -1.71964 0
0.0191348 -1.49698 0
1.79971 -2.32494 0
-2.48557 -2.16717 0
-1.5925 -4.22417 0
-0.0884194 -3.68762 0
-1.98821 -1.71509 0
1.55911 -3.66963 0
0.232202 -1.34079 0
1.82376 -4.14494 0
0.17722 -4.94771 0
-1.56286 -3.68016 0
-0.456297 -4.81081 0
0.254678 -2.07881 0
-0.983638 -1.74766 0
-0.681778 -2.23613 0
1.06378 -2.28734 0
-1.56054 -0.547 0
0.212306 -4.53889 0
-0.544903 -4.15515 0
2.19132 -1.71827 0
-1.44874 -2.76682 0
0.423461 -0.654941 0
2.12135 -2.30676 0
0.909443 -3.73581 0
-0.731714 -1.00491 0
1.79744 -2.99722 0
-0.505552 -1.76867 0
1.22878 -2.48393 0
2.02479 -1.18655 0
-1.88894 -2.23547 0
1.63376 -1.39163 0
2.11773 -2.77569 0
-1.05539 -2.22737 0
1.67179 -1.05932 0
1.63854 -2.46716 0
0.348076 -3.43631 0
-0.355202 -4.08598 0
0.654015 -0.673867 0
0.420259 -4.84799 0
0.466143 -1.94414 0
-1.50819 -3.13134 0
0.888425 -3.1555 0
0.0359171 -1.06843 0
0.665621 -0.104566 0
-1.64202 -2.90226 0
-1.55777 -2.09424 0
-1.97165 -3.96331 0
-1.29145 -2.154 0
0.278825 -4.06958 0
1.04197 -2.00341 0
0.831708 -0.35217 0
1.05318 -4.72789 0
-0.719025 -4.64919 0
1.42722 -4.32014 0
-1.8262 -0.946854 0
-1.04241 -1.37201 0
0.106044 -2.95606 0
0.22831 -1.57821 0
0.364469 -2.49292 0
1.62373 -2.81369 0
-0.688813 -2.78049 0
-0.326197 -4.32782 0
2.25832 -3.53911 0
-0.566312 -1.19257 0
-0.25291 -4.59594 0
2.26103 -1.94128 0
0.775071 -2.17254 0
0.126878 -3.87218 0
-1.68053 -1.84806 0
-0.204547 -3.51124 0
