125.264
35.2644
47.8696
36.8087
120
180
125.264
90
120
35.2644
50.7685
120
19.4712
46.6861
125.264
35.2644
125.264
30
90
50.7685
60
26.5651
129.232
31.4822
30
144.736
28.1255
30.9638
18.4349
30.9638
18.4349
19.4712
125.264
50.7685
144.736
60
63.4349
120
104.963
153.435
135
35.2644
65.9052
90
90
50.7685
40.203
125.264
60
153.435
36.8087
120
123.211
30
19.4712
125.264
39.2315
120
180
30
60
120
150
22.2077
78.9042
50.7685
90
135
43.0887
50.7685
22.2077
120
18.4349
120
120
120
30
35.2644
45
120
90
35.2644
140.768
30
39.2315
45
150
97.9712
30
30
19.4712
104.963
25.2394
50.7685
107.866
29.805
180
90
82.4385
26.5651
18.4349
19.4712
90
60
135
19.4712
54.7356
19.1066
90
30
144.736
30
135
135
60
54.7356
125.264
60
125.264
35.2644
55.4624
30
120
33.5573
50.7685
19.4712
35.2644
39.2315
125.264
35.2644
125.264
30
180
35.2644
36.8087
116.565
90
22.2077
125.264
144.736
26.5651
18.4349
64.7606
58.5178
90
18.4349
19.4712
90
35.2644
30
120
30
19.4712
15.7932
48.1897
35.2644
144.736
135
65.9052
118.126
35.2644
30
39.2315
45
129.232
125.264
39.2315
43.0887
70.8934
50.7685
70.5288
19.2863
18.4349
26.5651
26.5651
35.2644
125.264
90
36.8087
144.736
19.4712
90
54.7356
90
71.5651
35.2644
35.2644
135
54.7356
108.435
90
35.2644
60
45
15.7932
54.7356
39.2315
125.264
30
120
70.5288
76.367
39.2315
39.2315
50.7685
35.2644
45
50.7685
73.2213
22.0017
54.7356
35.2644
125.264
36.8087
26.5651
135
125.264
70.5288
125.264
35.2644
18.4349
90
35.2644
90
90
50.7685
35.2644
90
35.2644
50.7685
45
26.5651
47.8696
71.5651
125.264
22.2077
45
35.2644
135
90
45
50.7685
61.8745
45
50.7685
26.5651
54.7356
90
18.4349
50.7685
70.5288
35.2644
35.2644
135
26.5651
26.5651
129.232
144.736
70.5288
61.8745
121.482
26.5651
35.2644
135
50.7685
73.2213
50.7685
45
135
101.096
35.2644
19.4712
26.5651
135
50.7685
50.7685
126.04
26.5651
50.7685
144.736
18.4349
26.5651
102.921
19.1066
35.2644
11.3099
90
19.4712
18.4349
35.2644
90
77.3956
19.4712
135
135
48.1897
48.1897
90
15.7932
54.7356
135
135
18.4349
113.093
26.5651
19.4712
13.2627
90
45
180
120
76.367
50.7685
135
90
60
54.7356
30
50.7685
39.2315
19.1066
135
70.5288
125.264
45
125.264
90
120
60
135
144.736
125.264
120
39.2315
135
90
45
135
45
39.2315
39.2315
45
13.2627
60
18.4349
14.0362
18.4349
135
30
19.2863
18.4349
26.5651
50.7685
125.264
39.2315
47.8696
26.5651
18.4349
26.5651
120
11.3099
18.4349
90
45
45
18.4349
19.4712
26.5651
35.2644
18.4349
90
161.565
19.4712
90
30
26.5651
19.4712
43.0887
90
54.7356
47.4586
50.7685
45
116.565
60
18.4349
26.5651
153.435
18.4349
90
18.4349
60
90
50.7685
35.2644
19.1066
90
30
19.4712
19.4712
90
18.4349
90
120
144.736
30
161.565
109.471
35.2644
144.736
180
146.31
161.565
36.8087
26.5651
154.761
153.435
171.87
45.5618
18.4349
135
129.232
135
45
125.264
26.5651
125.264
135
43.0887
35.2644
30
50.7685
39.2315
54.7356
26.5651
50.7685
45
135
90
30
109.471
135
30
56.7891
15.7932
50.7685
90
144.736
50.7685
18.4349
30
109.471
15.7932
54.7356
26.5651
54.7356
67.7923
54.7356
135
30
18.4349
32.5125
18.4349
50.7685
45
90
90
19.4712
63.4349
99.875
129.232
90
90
120
50.7685
54.7356
18.4349
135
180
90
50.7685
90
135
108.435
180
63.4349
144.736
35.2644
90
19.4712
35.2644
45
90
50.7685
19.4712
19.4712
18.4349
39.2315
19.4712
25.9431
19.4712
109.471
90
90
58.5178
54.7356
26.5651
48.1897
90
50.7685
90
26.5651
60
109.471
135
22.0017
90
61.8745
50.7685
35.2644
144.736
45
50.7685
90
90
19.4712
90
19.4712
22.0017
26.5651
106.779
90
26.5651
60
135
68.5833
35.2644
19.4712
48.1897
90
135
35.2644
35.2644
39.2315
30
47.8696
90
45
35.2644
125.264
144.736
19.4712
19.4712
35.2644
70.5288
30
35.2644
160.529
13.2627
125.264
144.736
35.2644
50.7685
47.124
