1 1.79769e+308
3 1.79769e+308
5 1.79769e+308
7 1.79769e+308
9 1.79769e+308
11 1.79769e+308
13 1.79769e+308
15 1.79769e+308
17 1.79769e+308
19 1.79769e+308
21 1.79769e+308
23 1.79769e+308
25 1.79769e+308
27 1.79769e+308
29 1.79769e+308
31 1.79769e+308
33 1.79769e+308
35 1.79769e+308
37 1.79769e+308
41 1.79769e+308
43 1.79769e+308
45 1.79769e+308
47 1.79769e+308
51 1.79769e+308
53 1.79769e+308
55 1.79769e+308
57 1.79769e+308
59 1.79769e+308
61 1.79769e+308
65 1.79769e+308
67 1.79769e+308
69 1.79769e+308
71 1.79769e+308
73 1.79769e+308
75 1.79769e+308
77 1.79769e+308
79 1.79769e+308
85 1.79769e+308
87 1.79769e+308
89 1.79769e+308
91 1.79769e+308
93 1.79769e+308
95 1.79769e+308
97 1.79769e+308
99 1.79769e+308
101 1.79769e+308
103 1.79769e+308
105 1.79769e+308
107 1.79769e+308
109 1.79769e+308
111 1.79769e+308
113 1.79769e+308
115 1.79769e+308
117 1.79769e+308
121 1.79769e+308
123 1.79769e+308
125 1.79769e+308
127 1.79769e+308
129 1.79769e+308
131 1.79769e+308
133 1.79769e+308
135 1.79769e+308
139 1.79769e+308
141 1.79769e+308
145 1.79769e+308
147 1.79769e+308
149 1.79769e+308
153 1.79769e+308
155 1.79769e+308
159 1.79769e+308
161 1.79769e+308
163 1.79769e+308
165 1.79769e+308
167 1.79769e+308
169 1.79769e+308
171 1.79769e+308
175 1.79769e+308
181 1.79769e+308
183 1.79769e+308
185 1.79769e+308
187 1.79769e+308
189 1.79769e+308
191 1.79769e+308
193 1.79769e+308
195 1.79769e+308
199 1.79769e+308
201 1.79769e+308
203 1.79769e+308
205 1.79769e+308
207 1.79769e+308
209 1.79769e+308
211 1.79769e+308
213 1.79769e+308
215 1.79769e+308
217 1.79769e+308
219 1.79769e+308
221 1.79769e+308
223 1.79769e+308
225 1.79769e+308
229 1.79769e+308
231 1.79769e+308
235 1.79769e+308
237 1.79769e+308
239 1.79769e+308
241 1.79769e+308
243 1.79769e+308
245 1.79769e+308
247 1.79769e+308
249 1.79769e+308
251 1.79769e+308
253 1.79769e+308
255 1.79769e+308
259 1.79769e+308
261 1.79769e+308
263 1.79769e+308
267 1.79769e+308
269 1.79769e+308
271 1.79769e+308
273 1.79769e+308
279 1.79769e+308
281 1.79769e+308
283 1.79769e+308
285 1.79769e+308
289 1.79769e+308
291 1.79769e+308
293 1.79769e+308
295 1.79769e+308
297 1.79769e+308
299 1.79769e+308
301 1.79769e+308
303 1.79769e+308
307 1.79769e+308
309 1.79769e+308
311 1.79769e+308
313 1.79769e+308
317 1.79769e+308
319 1.79769e+308
321 1.79769e+308
323 1.79769e+308
325 1.79769e+308
327 1.79769e+308
329 1.79769e+308
331 1.79769e+308
333 1.79769e+308
335 1.79769e+308
337 1.79769e+308
339 1.79769e+308
341 1.79769e+308
343 1.79769e+308
345 1.79769e+308
347 1.79769e+308
351 1.79769e+308
353 1.79769e+308
355 1.79769e+308
357 1.79769e+308
359 1.79769e+308
363 1.79769e+308
367 1.79769e+308
369 1.79769e+308
371 1.79769e+308
377 1.79769e+308
379 1.79769e+308
381 1.79769e+308
383 1.79769e+308
385 1.79769e+308
389 1.79769e+308
391 1.79769e+308
393 1.79769e+308
395 1.79769e+308
399 1.79769e+308
401 1.79769e+308
403 1.79769e+308
405 1.79769e+308
407 1.79769e+308
409 1.79769e+308
411 1.79769e+308
415 1.79769e+308
417 1.79769e+308
421 1.79769e+308
425 1.79769e+308
427 1.79769e+308
429 1.79769e+308
431 1.79769e+308
433 1.79769e+308
435 1.79769e+308
437 1.79769e+308
439 1.79769e+308
441 1.79769e+308
443 1.79769e+308
445 1.79769e+308
447 1.79769e+308
449 1.79769e+308
451 1.79769e+308
453 1.79769e+308
457 1.79769e+308
461 1.79769e+308
463 1.79769e+308
465 1.79769e+308
467 1.79769e+308
469 1.79769e+308
471 1.79769e+308
473 1.79769e+308
479 1.79769e+308
481 1.79769e+308
483 1.79769e+308
485 1.79769e+308
487 1.79769e+308
489 1.79769e+308
491 1.79769e+308
493 1.79769e+308
495 1.79769e+308
497 1.79769e+308
499 1.79769e+308
501 1.79769e+308
503 1.79769e+308
505 1.79769e+308
507 1.79769e+308
509 1.79769e+308
511 1.79769e+308
517 1.79769e+308
519 1.79769e+308
521 1.79769e+308
523 1.79769e+308
525 1.79769e+308
527 1.79769e+308
529 1.79769e+308
533 1.79769e+308
535 1.79769e+308
539 1.79769e+308
541 1.79769e+308
543 1.79769e+308
545 1.79769e+308
547 1.79769e+308
549 1.79769e+308
551 1.79769e+308
553 1.79769e+308
555 1.79769e+308
557 1.79769e+308
559 1.79769e+308
561 1.79769e+308
563 1.79769e+308
565 1.79769e+308
567 1.79769e+308
571 1.79769e+308
573 1.79769e+308
575 1.79769e+308
577 1.79769e+308
579 1.79769e+308
581 1.79769e+308
583 1.79769e+308
585 1.79769e+308
587 1.79769e+308
589 1.79769e+308
591 1.79769e+308
593 1.79769e+308
595 1.79769e+308
597 1.79769e+308
601 1.79769e+308
603 1.79769e+308
605 1.79769e+308
607 1.79769e+308
611 1.79769e+308
613 1.79769e+308
615 1.79769e+308
617 1.79769e+308
619 1.79769e+308
621 1.79769e+308
623 1.79769e+308
625 1.79769e+308
627 1.79769e+308
629 1.79769e+308
631 1.79769e+308
633 1.79769e+308
635 1.79769e+308
637 1.79769e+308
639 1.79769e+308
643 1.79769e+308
645 1.79769e+308
647 1.79769e+308
649 1.79769e+308
651 1.79769e+308
653 1.79769e+308
655 1.79769e+308
657 1.79769e+308
659 1.79769e+308
661 1.79769e+308
663 1.79769e+308
665 1.79769e+308
667 1.79769e+308
669 1.79769e+308
671 1.79769e+308
673 1.79769e+308
675 1.79769e+308
677 1.79769e+308
679 1.79769e+308
683 1.79769e+308
685 1.79769e+308
687 1.79769e+308
689 1.79769e+308
691 1.79769e+308
693 1.79769e+308
695 1.79769e+308
697 1.79769e+308
699 1.79769e+308
701 1.79769e+308
703 1.79769e+308
705 1.79769e+308
707 1.79769e+308
709 1.79769e+308
711 1.79769e+308
713 1.79769e+308
715 1.79769e+308
717 1.79769e+308
719 1.79769e+308
725 1.79769e+308
727 1.79769e+308
729 1.79769e+308
731 1.79769e+308
733 1.79769e+308
735 1.79769e+308
737 1.79769e+308
739 1.79769e+308
741 1.79769e+308
743 1.79769e+308
745 1.79769e+308
747 1.79769e+308
749 1.79769e+308
751 1.79769e+308
753 1.79769e+308
755 1.79769e+308
757 1.79769e+308
759 1.79769e+308
761 1.79769e+308
763 1.79769e+308
765 1.79769e+308
767 1.79769e+308
769 1.79769e+308
773 1.79769e+308
775 1.79769e+308
777 1.79769e+308
781 1.79769e+308
783 1.79769e+308
785 1.79769e+308
787 1.79769e+308
789 1.79769e+308
791 1.79769e+308
795 1.79769e+308
797 1.79769e+308
799 1.79769e+308
801 1.79769e+308
803 1.79769e+308
805 1.79769e+308
807 1.79769e+308
809 1.79769e+308
811 1.79769e+308
813 1.79769e+308
815 1.79769e+308
817 1.79769e+308
819 1.79769e+308
821 1.79769e+308
823 1.79769e+308
825 1.79769e+308
827 1.79769e+308
829 1.79769e+308
831 1.79769e+308
833 1.79769e+308
835 1.79769e+308
839 1.79769e+308
841 1.79769e+308
843 1.79769e+308
845 1.79769e+308
847 1.79769e+308
851 1.79769e+308
853 1.79769e+308
857 1.79769e+308
859 1.79769e+308
863 1.79769e+308
865 1.79769e+308
867 1.79769e+308
871 1.79769e+308
873 1.79769e+308
875 1.79769e+308
877 1.79769e+308
879 1.79769e+308
881 1.79769e+308
883 1.79769e+308
885 1.79769e+308
887 1.79769e+308
889 1.79769e+308
891 1.79769e+308
893 1.79769e+308
895 1.79769e+308
897 1.79769e+308
899 1.79769e+308
901 1.79769e+308
903 1.79769e+308
905 1.79769e+308
907 1.79769e+308
909 1.79769e+308
911 1.79769e+308
913 1.79769e+308
917 1.79769e+308
919 1.79769e+308
921 1.79769e+308
923 1.79769e+308
925 1.79769e+308
927 1.79769e+308
929 1.79769e+308
931 1.79769e+308
935 1.79769e+308
937 1.79769e+308
939 1.79769e+308
941 1.79769e+308
943 1.79769e+308
945 1.79769e+308
947 1.79769e+308
949 1.79769e+308
951 1.79769e+308
953 1.79769e+308
955 1.79769e+308
957 1.79769e+308
959 1.79769e+308
963 1.79769e+308
967 1.79769e+308
969 1.79769e+308
971 1.79769e+308
977 1.79769e+308
979 1.79769e+308
981 1.79769e+308
983 1.79769e+308
985 1.79769e+308
987 1.79769e+308
991 1.79769e+308
993 1.79769e+308
995 1.79769e+308
997 1.79769e+308
999 1.79769e+308
1001 1.79769e+308
1003 1.79769e+308
1005 1.79769e+308
1007 1.79769e+308
1009 1.79769e+308
1011 1.79769e+308
1013 1.79769e+308
1015 1.79769e+308
1017 1.79769e+308
1019 1.79769e+308
1021 1.79769e+308
1023 1.79769e+308
1025 1.79769e+308
1027 1.79769e+308
1031 1.79769e+308
1035 1.79769e+308
1037 1.79769e+308
1039 1.79769e+308
1041 1.79769e+308
1043 1.79769e+308
1045 1.79769e+308
1047 1.79769e+308
1049 1.79769e+308
1051 1.79769e+308
1053 1.79769e+308
1055 1.79769e+308
1059 1.79769e+308
1061 1.79769e+308
1063 1.79769e+308
1065 1.79769e+308
1067 1.79769e+308
1069 1.79769e+308
1071 1.79769e+308
1073 1.79769e+308
1075 1.79769e+308
1077 1.79769e+308
1079 1.79769e+308
1081 1.79769e+308
1083 1.79769e+308
1085 1.79769e+308
1087 1.79769e+308
1091 1.79769e+308
1093 1.79769e+308
1095 1.79769e+308
1097 1.79769e+308
1099 1.79769e+308
1101 1.79769e+308
1103 1.79769e+308
1105 1.79769e+308
1107 1.79769e+308
1109 1.79769e+308
1111 1.79769e+308
1113 1.79769e+308
1115 1.79769e+308
1117 1.79769e+308
1119 1.79769e+308
1121 1.79769e+308
1123 1.79769e+308
1125 1.79769e+308
1127 1.79769e+308
1129 1.79769e+308
1133 1.79769e+308
1135 1.79769e+308
1137 1.79769e+308
1139 1.79769e+308
1141 1.79769e+308
1143 1.79769e+308
1145 1.79769e+308
1147 1.79769e+308
1149 1.79769e+308
1151 1.79769e+308
1153 1.79769e+308
1155 1.79769e+308
1157 1.79769e+308
1161 1.79769e+308
1165 1.79769e+308
1167 1.79769e+308
1169 1.79769e+308
1173 1.79769e+308
1175 1.79769e+308
1177 1.79769e+308
1179 1.79769e+308
1181 1.79769e+308
1183 1.79769e+308
1187 1.79769e+308
1189 1.79769e+308
1191 1.79769e+308
1193 1.79769e+308
1195 1.79769e+308
1197 1.79769e+308
1199 1.79769e+308
1201 1.79769e+308
1203 1.79769e+308
1207 1.79769e+308
1209 1.79769e+308
1211 1.79769e+308
1213 1.79769e+308
1215 1.79769e+308
1217 1.79769e+308
1219 1.79769e+308
1221 1.79769e+308
1223 1.79769e+308
1225 1.79769e+308
1227 1.79769e+308
1231 1.79769e+308
1233 1.79769e+308
1235 1.79769e+308
1239 1.79769e+308
1241 1.79769e+308
1243 1.79769e+308
1247 1.79769e+308
1249 1.79769e+308
1251 1.79769e+308
1253 1.79769e+308
1255 1.79769e+308
1259 1.79769e+308
1261 1.79769e+308
1263 1.79769e+308
1265 1.79769e+308
1267 1.79769e+308
1271 1.79769e+308
1273 1.79769e+308
1275 1.79769e+308
1277 1.79769e+308
1281 1.79769e+308
1285 1.79769e+308
1287 1.79769e+308
1289 1.79769e+308
1291 1.79769e+308
1293 1.79769e+308
1297 1.79769e+308
1299 1.79769e+308
1301 1.79769e+308
1303 1.79769e+308
1305 1.79769e+308
1307 1.79769e+308
1309 1.79769e+308
1311 1.79769e+308
1313 1.79769e+308
1315 1.79769e+308
1317 1.79769e+308
1319 1.79769e+308
1321 1.79769e+308
1323 1.79769e+308
1325 1.79769e+308
1327 1.79769e+308
1331 1.79769e+308
1333 1.79769e+308
1335 1.79769e+308
1337 1.79769e+308
1339 1.79769e+308
1343 1.79769e+308
1345 1.79769e+308
1347 1.79769e+308
1349 1.79769e+308
1351 1.79769e+308
1353 1.79769e+308
1355 1.79769e+308
1357 1.79769e+308
1359 1.79769e+308
1361 1.79769e+308
1363 1.79769e+308
1365 1.79769e+308
1367 1.79769e+308
1369 1.79769e+308
1371 1.79769e+308
1373 1.79769e+308
1375 1.79769e+308
1377 1.79769e+308
1381 1.79769e+308
1383 1.79769e+308
1385 1.79769e+308
1387 1.79769e+308
1389 1.79769e+308
1391 1.79769e+308
1393 1.79769e+308
1395 1.79769e+308
1397 1.79769e+308
1399 1.79769e+308
1403 1.79769e+308
1405 1.79769e+308
1409 1.79769e+308
1411 1.79769e+308
1413 1.79769e+308
1415 1.79769e+308
1417 1.79769e+308
1421 1.79769e+308
1423 1.79769e+308
1425 1.79769e+308
1427 1.79769e+308
1429 1.79769e+308
1431 1.79769e+308
1433 1.79769e+308
1435 1.79769e+308
1437 1.79769e+308
1439 1.79769e+308
1441 1.79769e+308
1443 1.79769e+308
1447 1.79769e+308
1451 1.79769e+308
1453 1.79769e+308
1455 1.79769e+308
1457 1.79769e+308
1459 1.79769e+308
1461 1.79769e+308
1463 1.79769e+308
1465 1.79769e+308
1467 1.79769e+308
1469 1.79769e+308
1471 1.79769e+308
1473 1.79769e+308
1475 1.79769e+308
1477 1.79769e+308
1479 1.79769e+308
1481 1.79769e+308
1483 1.79769e+308
1485 1.79769e+308
1487 1.79769e+308
1489 1.79769e+308
1491 1.79769e+308
1493 1.79769e+308
1495 1.79769e+308
1497 1.79769e+308
1499 1.79769e+308
1501 1.79769e+308
1503 1.79769e+308
1505 1.79769e+308
1507 1.79769e+308
1509 1.79769e+308
1511 1.79769e+308
1515 1.79769e+308
1517 1.79769e+308
1519 1.79769e+308
1521 1.79769e+308
1523 1.79769e+308
1525 1.79769e+308
1527 1.79769e+308
1529 1.79769e+308
1531 1.79769e+308
1533 1.79769e+308
1535 1.79769e+308
1537 1.79769e+308
1539 1.79769e+308
1541 1.79769e+308
1543 1.79769e+308
1545 1.79769e+308
1547 1.79769e+308
1549 1.79769e+308
1551 1.79769e+308
1553 1.79769e+308
1555 1.79769e+308
1557 1.79769e+308
1559 1.79769e+308
1561 1.79769e+308
1563 1.79769e+308
1565 1.79769e+308
1567 1.79769e+308
1569 1.79769e+308
1571 1.79769e+308
1573 1.79769e+308
1575 1.79769e+308
1577 1.79769e+308
1579 1.79769e+308
1581 1.79769e+308
1583 1.79769e+308
1585 1.79769e+308
1587 1.79769e+308
1589 1.79769e+308
1591 1.79769e+308
1593 1.79769e+308
1595 1.79769e+308
1597 1.79769e+308
1599 1.79769e+308
1600 1000
1601 1000
1602 1000
1603 1000
1604 1000
1605 1000
1606 1000
1607 1000
1608 1000
1609 1000
1610 1000
1611 1000
1612 1000
1613 1000
1614 1000
1615 1000
1616 1000
1617 1000
1618 1000
1619 1000
1620 1000
1621 1000
1622 1000
1623 1000
1624 1000
1625 1000
1626 1000
1627 1000
1628 1000
1629 1000
1630 1000
1631 1000
1632 1000
1633 1000
1634 1000
1635 1000
1636 1000
1637 1000
1638 1000
1639 1000
1640 1000
1641 1000
1642 1000
1643 1000
1644 1000
1645 1000
1646 1000
1647 1000
1648 1000
1649 1000
1650 1000
1651 1000
1652 1000
1653 1000
1654 1000
1655 1000
1656 1000
1657 1000
1658 1000
1659 1000
1660 1000
1661 1000
1662 1000
1663 1000
1664 1000
1665 1000
1666 1000
1667 1000
1668 1000
1669 1000
1670 1000
1671 1000
1672 1000
1673 1000
1674 1000
1675 1000
1676 1000
1677 1000
1678 1000
1679 1000
1680 1000
1681 1000
1682 1000
1683 1000
1685 1000
1686 1000
1687 1000
1688 1000
1689 1000
1690 1000
1691 1000
1692 1000
1693 1000
1694 1000
1695 1000
1696 1000
1697 1000
1698 1000
1699 1000
1700 1000
1701 1000
1702 1000
1703 1000
1704 1000
1705 1000
1706 1000
1707 1000
1708 1000
1709 1000
1710 1000
1711 1000
1712 1000
1714 1000
1715 1000
1716 1000
1717 1000
1718 1000
1719 1000
1720 1000
1721 1000
1722 1000
1723 1000
1724 1000
1725 1000
1726 1000
1727 1000
1728 1000
1729 1000
