400
16803.8 7887.66 0
15662 15968.8 0
18232.9 3951.03 0
6704.46 15364.6 0
5555.49 11079.4 0
9547.94 12577.4 0
7295.69 10268 0
19044.6 18323.9 0
12714.2 14345.9 0
2832.05 12139.4 0
326.011 4857.74 0
2744.63 16083.5 0
3133.58 8018.89 0
2595.81 2176.18 0
19978.5 4365.14 0
10258.6 16782.2 0
12252.8 5920.63 0
12751 10485.7 0
9871.66 19455.5 0
5850.34 15427.2 0
10534.9 15398.3 0
8004.57 17830.6 0
5666.29 7049.17 0
16154.5 18380.5 0
1395.11 18986.5 0
10519.9 1721.12 0
3844.28 13264.5 0
17804.7 6977.86 0
1283.43 400.461 0
9154.03 1261.92 0
4765.6 19412.7 0
18044.2 17018.4 0
7504.14 15205 0
10250.7 13354.5 0
10632.1 785.607 0
8752.75 18636.7 0
18616.2 14419 0
12799.6 7080.97 0
13757.2 3319.48 0
8802.09 17601.5 0
16584 6606.74 0
4579.36 17867.4 0
7007.2 13733.4 0
19129.4 11772.8 0
13146.1 17173.5 0
7968.73 16295.3 0
13684.4 18219.4 0
9649.81 4316.5 0
2953.2 17621.2 0
12821.6 8639.07 0
15720 6149.16 0
3750.66 5524.69 0
11128.9 8330.03 0
13688.9 7663.77 0
14995.4 7373.27 0
5883.21 4645.23 0
11689.8 4888.25 0
3047.8 14643 0
1050.59 10431.3 0
15956 14653.1 0
13131.3 19348.1 0
12789.2 15194.7 0
1869.61 2698.05 0
1398.13 4093.1 0
9228.41 16393.5 0
11466.4 15111.6 0
1038.78 3156.14 0
17799.1 2509.37 0
19956 1081.15 0
17410.8 1446.58 0
83.2322 18461.4 0
11877.8 3607.45 0
11588.6 9051.52 0
13747.7 1992.8 0
6085.9 19844.6 0
11539.4 17552.3 0
14956.2 12578.2 0
708.418 14956.1 0
19588.7 14876.2 0
18067.3 19671.9 0
12994.1 4960.88 0
14012.4 6337.34 0
1483.22 12661.4 0
18886.4 9018.35 0
6727.02 16953.7 0
8690.27 64.6292 0
6898.86 11969.6 0
16664.9 4677.83 0
13509.5 9659.01 0
9638.72 6099.11 0
12436.5 817.286 0
8279.67 13919.7 0
13478.7 12752.8 0
6942.32 3692.45 0
12182.1 12543.2 0
14808.8 4044.26 0
2225.51 7232.02 0
11533.8 11864.2 0
13331.1 5775.56 0
19687.3 71.5715 0
3764.02 8729.94 0
15297.4 13981.5 0
2422.86 13715.7 0
17238.3 4070.96 0
15873.1 10960.8 0
5945.77 18098.6 0
9962.88 11524 0
17291.6 9847.98 0
14551 2781.16 0
12062.2 9848.43 0
16762.7 14485 0
3564.15 4439.31 0
9970.51 2425.18 0
18169.7 12441.9 0
16736.6 16362.6 0
7886.54 13176.6 0
3024.6 1450.9 0
7271.97 5765.39 0
6627.72 1822.97 0
4886.54 6520.27 0
19696.9 6764.86 0
5873.56 2293.36 0
983.249 8982.1 0
4217.66 9477.88 0
6035.26 13142.4 0
16181.9 2634.04 0
13841.5 8851.2 0
11572.7 10598 0
11900.9 7238.34 0
9531.69 3396.41 0
4673.12 16596.2 0
1401.8 1976.75 0
3960.41 12248.8 0
6313.16 8680.17 0
4619.92 7714.96 0
10656.9 3094.48 0
7604.29 7643.34 0
5208.9 12993.2 0
11046.3 18391.8 0
13719.7 16195.7 0
12917.8 120.095 0
10370.3 8014.18 0
16037.9 13556.2 0
1271.21 13714.4 0
14006 11356.6 0
22.5096 114.183 0
3623.22 6827.09 0
3142.78 10069.2 0
17378.5 10947.9 0
14779.2 18649.7 0
18782.6 15992.9 0
16282.8 11889.9 0
18717 6490.83 0
17486.2 11783.1 0
5255.69 12087.6 0
15909.8 17301.7 0
17460.4 13288.3 0
8249.65 12239.6 0
11580.4 659.268 0
14018.2 10363 0
2252.96 9796.2 0
11474.4 16258.9 0
12815.3 11945.6 0
4452.05 4395.76 0
12604.9 18470.3 0
14758.8 9257.04 0
17981.7 15340.3 0
18095.6 5151.71 0
9559.22 7202.1 0
378.215 6876.83 0
17743.9 18665.5 0
18932.8 2446.52 0
2533.38 4551.04 0
8731.7 5863.55 0
7127.66 19959.4 0
6829.65 1003.36 0
13974.3 13638.4 0
16187.4 3781.27 0
4882.97 2723.41 0
9381 5139.38 0
4114.28 10452.6 0
4290.48 15184.2 0
323.55 16902.5 0
5004.21 5124.56 0
6879.19 7198.84 0
101.524 9745.08 0
5857.71 14165.2 0
16402.9 10148.2 0
18467.6 867.894 0
1688.22 4897.17 0
14227.1 12224.8 0
9518.95 15145.6 0
15550.1 139.602 0
1928.08 15752.8 0
14934.6 5544.27 0
3466.01 18754.3 0
15217.2 1933.63 0
19622.2 16905.5 0
9130.28 8687.96 0
12009.8 2599.52 0
6246.87 18864.4 0
7986 4231.31 0
108.698 12995.7 0
7637.75 1949.81 0
2842.37 5892.03 0
11220.1 12890.4 0
18031 8643.98 0
5863.43 3691.55 0
10425.2 5685.6 0
7725.97 2806.76 0
8531.09 2067.8 0
12008.1 19353.9 0
2184.67 17381.8 0
9113.81 10646.8 0
410.167 1061.47 0
8179.56 9198.73 0
7164.71 18617.1 0
16418.5 19367.9 0
10176 94.5303 0
14973.6 729.918 0
17440.6 5702.98 0
171.372 19920.8 0
7614.24 139.084 0
10402.4 17907.1 0
12758.1 3640.06 0
4870.55 491.51 0
263.229 2898.92 0
14903.1 10611 0
6051.6 11730.7 0
19436.4 13075.2 0
15974.1 7793.33 0
14106 4651.3 0
2536.1 3344.82 0
14430.8 14536.9 0
11145.8 14172.3 0
5342.69 8694.8 0
15381.5 19790.8 0
2889.36 11285 0
14613.5 16552.3 0
1352.16 6743.01 0
7107.37 11172.9 0
19384.2 5927.43 0
13834.9 15376.1 0
19789.7 10665.1 0
606.481 16123 0
414.161 8274.64 0
9956.94 8778.48 0
1731.92 5844.15 0
10644.4 19870.6 0
19862.2 9476.82 0
10540.3 10029.6 0
927.304 5678.34 0
15877.6 1084.28 0
1033.7 19847 0
4599.68 11574 0
313.985 12183.6 0
16387.5 12773.7 0
5165.14 9769 0
6044.5 5662.77 0
19132.2 5088.65 0
3300.3 234.906 0
11589.9 1826.28 0
8554.04 19684 0
5352.15 17242.9 0
3810.03 16457.5 0
19507.6 3078.46 0
12221.9 16797.4 0
9350.59 13561.4 0
2005.53 8334.12 0
2014.19 11583.5 0
6608.72 9698.39 0
8118.35 6537.36 0
1898.46 19962.8 0
3484.44 3407.36 0
13697.9 1027.63 0
5879.82 507.099 0
12909.1 2175.7 0
10392.8 3854.67 0
1037.38 17542 0
10577.8 7178.95 0
1881.45 970.635 0
8997.24 14344.5 0
2185.69 14883 0
18453.2 9985.55 0
17614.7 7919.76 0
8168.28 10598.4 0
3292.33 19750.9 0
19914.7 8479.23 0
17142.9 661.813 0
15167.3 8494.39 0
19386.2 13992.1 0
2247.42 18572.1 0
17193.7 17182.6 0
19175.6 19441.2 0
10829.6 11435.1 0
4985.35 14216.1 0
15113.9 15067.6 0
8082.72 8393.19 0
19918.2 2265.47 0
19906 18073.2 0
5650.94 1508.02 0
5731.55 7912.34 0
15592.3 9192.71 0
8415.74 3512.09 0
17280.3 19957.5 0
14976.7 11532 0
19993 19660.8 0
4063.92 2270.61 0
3731.44 17359.5 0
16333 5634.22 0
8647.28 7741.34 0
6714.25 4709.06 0
11465.2 6402.9 0
6536.09 15.3539 0
9476.09 18281.2 0
16579.8 1758.34 0
368.182 2040.97 0
19593.3 15740.1 0
19016 10974.2 0
12922.3 16073.4 0
16833.1 15327.7 0
8224.6 790.421 0
2821.02 9102.89 0
9287.06 9484.37 0
15276.2 3339.96 0
10409 14551.7 0
19046.2 1489.16 0
12552.3 13528.1 0
17432.6 3239.04 0
8064.75 5060.12 0
4811.93 1540.58 0
4108.49 1035.32 0
65.6395 14331 0
16708.2 8760.9 0
556.655 11081.4 0
3794.26 11193.4 0
4911.67 15830.3 0
18768 7518.75 0
2037.21 10661.2 0
14318.8 19657.9 0
69.2761 5973.88 0
14475.1 8063.82 0
14858.1 6378.29 0
14168.8 249.604 0
14992.8 17494.3 0
2189.58 25.1443 0
1302.58 7721.19 0
6057.11 16458.9 0
4361.92 3480.99 0
16954.3 18481.7 0
14193.4 17281 0
6745.03 17840 0
4068.74 14318 0
17638.5 17861.1 0
8788.99 15654.4 0
15677 4939.2 0
6337.91 10571 0
7938.04 18877 0
10491.1 4813.66 0
19223.9 4071.78 0
6593.71 2834.43 0
3301.51 2616.78 0
545.82 4074.99 0
8956.04 11509.8 0
6423.74 6406.16 0
8835.71 4408.58 0
10743.6 9064.55 0
19865.4 7552.86 0
17618.4 14585.7 0
7265.09 8548.81 0
4162.21 102.183 0
19964.3 11602.9 0
1273.03 16588.1 0
8372.36 14869.1 0
6873.28 12838.4 0
18671.6 17542.1 0
2322 12901.3 0
8795.52 12964 0
18315.9 11560.4 0
3367.76 15563.1 0
12261.4 7983.93 0
18020 160.643 0
9429.01 494.513 0
4559.69 8523.91 0
13454.9 4151.56 0
18136.4 13746 0
5151.29 15001.7 0
15845.8 6983.64 0
10211.1 18715 0
5223.68 18630.6 0
16334.1 419.273 0
11692 13557.6 0
12440.7 17582.6 0
12157.8 11262.8 0
2511.5 19408.5 0
11200.9 4167.76 0
6869.21 16165.9 0
1076.5 11774.7 0
10454 12345 0
14496.4 1546.94 0
