20 5.65113
25.96 4.96019
31.92 4.47321
37.88 4.10625
43.84 3.81694
49.8 3.58126
55.76 3.38446
61.72 3.2169
67.68 3.07199
73.64 2.94505
79.6 2.83266
85.56 2.73222
91.52 2.64175
97.48 2.55972
103.44 2.48488
109.4 2.41625
115.36 2.353
121.32 2.29448
127.28 2.24011
133.24 2.18944
139.2 2.14206
145.16 2.09762
151.12 2.05584
157.08 2.01646
163.04 1.97926
169 1.94405
174.96 1.91065
180.92 1.87891
186.88 1.84871
192.84 1.81992
198.8 1.79243
204.76 1.76615
210.72 1.74099
216.68 1.71688
222.64 1.69375
228.6 1.67152
234.56 1.65015
240.52 1.62958
246.48 1.60975
252.44 1.59064
258.4 1.57219
264.36 1.55436
270.32 1.53713
276.28 1.52046
282.24 1.50432
288.2 1.48869
294.16 1.47353
300.12 1.45882
306.08 1.44455
312.04 1.43069
318 1.41722
323.96 1.40412
329.92 1.39138
335.88 1.37898
341.84 1.36691
347.8 1.35514
353.76 1.34368
359.72 1.3325
365.68 1.3216
371.64 1.31096
377.6 1.30057
383.56 1.29043
389.52 1.28052
395.48 1.27083
401.44 1.26136
407.4 1.2521
413.36 1.24304
419.32 1.23418
425.28 1.2255
431.24 1.217
437.2 1.20868
443.16 1.20052
449.12 1.19253
455.08 1.18469
461.04 1.17701
467 1.16948
472.96 1.16209
478.92 1.15483
484.88 1.14771
490.84 1.14072
496.8 1.13386
502.76 1.12712
508.72 1.1205
514.68 1.11399
520.64 1.1076
526.6 1.10131
532.56 1.09513
538.52 1.08905
544.48 1.08308
550.44 1.0772
556.4 1.07141
562.36 1.06572
568.32 1.06012
574.28 1.0546
580.24 1.04917
586.2 1.04382
592.16 1.03856
598.12 1.03337
604.08 1.02826
610.04 1.02322
616 1.01826
621.96 1.01337
627.92 1.00855
633.88 1.0038
639.84 0.999113
645.8 0.994492
651.76 0.989934
657.72 0.985439
663.68 0.981004
669.64 0.976629
675.6 0.972312
681.56 0.968051
687.52 0.963846
693.48 0.959695
699.44 0.955598
705.4 0.951552
711.36 0.947557
717.32 0.943613
723.28 0.939717
729.24 0.935869
735.2 0.932068
741.16 0.928313
747.12 0.924603
753.08 0.920937
759.04 0.917314
765 0.913734
770.96 0.910195
776.92 0.906697
782.88 0.903239
788.84 0.89982
794.8 0.89644
800.76 0.893098
806.72 0.889793
812.68 0.886524
818.64 0.883291
824.6 0.880093
830.56 0.87693
836.52 0.8738
842.48 0.870704
848.44 0.86764
854.4 0.864609
860.36 0.861609
866.32 0.85864
872.28 0.855702
878.24 0.852793
884.2 0.849914
890.16 0.847064
896.12 0.844242
902.08 0.841449
908.04 0.838683
914 0.835944
919.96 0.833232
925.92 0.830546
931.88 0.827886
937.84 0.825251
943.8 0.822641
949.76 0.820056
955.72 0.817495
961.68 0.814958
967.64 0.812444
973.6 0.809953
979.56 0.807486
985.52 0.80504
991.48 0.802617
997.44 0.800215
1003.4 0.797835
1009.36 0.795476
1015.32 0.793138
1021.28 0.79082
1027.24 0.788523
1033.2 0.786245
1039.16 0.783987
1045.12 0.781749
1051.08 0.779529
1057.04 0.777328
1063 0.775146
1068.96 0.772982
1074.92 0.770836
1080.88 0.768708
1086.84 0.766598
1092.8 0.764504
1098.76 0.762428
1104.72 0.760369
1110.68 0.758326
1116.64 0.756299
1122.6 0.754289
1128.56 0.752295
1134.52 0.750316
1140.48 0.748353
1146.44 0.746405
1152.4 0.744473
1158.36 0.742555
1164.32 0.740652
1170.28 0.738763
1176.24 0.736889
1182.2 0.73503
1188.16 0.733184
1194.12 0.731352
1200.08 0.729533
1206.04 0.727729
1212 0.725937
1217.96 0.724159
1223.92 0.722393
1229.88 0.720641
1235.84 0.718901
1241.8 0.717174
1247.76 0.715459
1253.72 0.713756
1259.68 0.712066
1265.64 0.710387
1271.6 0.708721
1277.56 0.707065
1283.52 0.705422
1289.48 0.70379
1295.44 0.702169
1301.4 0.700559
1307.36 0.698961
1313.32 0.697373
1319.28 0.695796
1325.24 0.694229
1331.2 0.692674
1337.16 0.691128
1343.12 0.689593
1349.08 0.688068
1355.04 0.686553
1361 0.685048
1366.96 0.683553
1372.92 0.682068
1378.88 0.680592
1384.84 0.679126
1390.8 0.67767
1396.76 0.676222
1402.72 0.674784
1408.68 0.673355
1414.64 0.671935
1420.6 0.670524
1426.56 0.669122
1432.52 0.667729
1438.48 0.666344
1444.44 0.664968
1450.4 0.6636
1456.36 0.662241
1462.32 0.66089
1468.28 0.659547
1474.24 0.658213
1480.2 0.656886
1486.16 0.655568
1492.12 0.654257
1498.08 0.652954
1504.04 0.651659
1510 0.650372
1515.96 0.649092
1521.92 0.64782
1527.88 0.646555
1533.84 0.645298
1539.8 0.644048
1545.76 0.642805
1551.72 0.641569
1557.68 0.640341
1563.64 0.639119
1569.6 0.637905
1575.56 0.636697
1581.52 0.635496
1587.48 0.634302
1593.44 0.633115
1599.4 0.631934
1605.36 0.63076
1611.32 0.629592
1617.28 0.628431
1623.24 0.627276
1629.2 0.626128
1635.16 0.624986
1641.12 0.62385
1647.08 0.62272
1653.04 0.621597
1659 0.620479
1664.96 0.619367
1670.92 0.618262
1676.88 0.617162
1682.84 0.616068
1688.8 0.61498
1694.76 0.613898
1700.72 0.612821
1706.68 0.61175
1712.64 0.610685
1718.6 0.609625
1724.56 0.608571
1730.52 0.607522
1736.48 0.606478
1742.44 0.60544
1748.4 0.604408
1754.36 0.60338
1760.32 0.602358
1766.28 0.601341
1772.24 0.600329
1778.2 0.599322
1784.16 0.59832
1790.12 0.597323
1796.08 0.596331
1802.04 0.595344
1808 0.594362
1813.96 0.593385
1819.92 0.592412
1825.88 0.591445
1831.84 0.590482
1837.8 0.589524
1843.76 0.58857
1849.72 0.587621
1855.68 0.586677
1861.64 0.585737
1867.6 0.584801
1873.56 0.58387
1879.52 0.582944
1885.48 0.582022
1891.44 0.581104
1897.4 0.580191
1903.36 0.579282
1909.32 0.578377
1915.28 0.577476
1921.24 0.57658
1927.2 0.575688
1933.16 0.5748
1939.12 0.573915
1945.08 0.573036
1951.04 0.57216
1957 0.571288
1962.96 0.57042
1968.92 0.569556
1974.88 0.568696
1980.84 0.567839
1986.8 0.566987
1992.76 0.566139
1998.72 0.565294
2004.68 0.564453
2010.64 0.563616
2016.6 0.562782
2022.56 0.561952
2028.52 0.561126
2034.48 0.560304
2040.44 0.559485
2046.4 0.55867
2052.36 0.557858
2058.32 0.55705
2064.28 0.556245
2070.24 0.555444
2076.2 0.554646
2082.16 0.553851
2088.12 0.55306
2094.08 0.552273
2100.04 0.551489
2106 0.550708
2111.96 0.54993
2117.92 0.549156
2123.88 0.548385
2129.84 0.547617
2135.8 0.546852
2141.76 0.546091
2147.72 0.545333
2153.68 0.544578
2159.64 0.543826
2165.6 0.543077
2171.56 0.542331
2177.52 0.541588
2183.48 0.540849
2189.44 0.540112
2195.4 0.539378
2201.36 0.538648
2207.32 0.53792
2213.28 0.537195
2219.24 0.536473
2225.2 0.535754
2231.16 0.535038
2237.12 0.534325
2243.08 0.533615
2249.04 0.532907
2255 0.532203
2260.96 0.531501
2266.92 0.530802
2272.88 0.530105
2278.84 0.529411
2284.8 0.528721
2290.76 0.528032
2296.72 0.527347
2302.68 0.526664
2308.64 0.525984
2314.6 0.525306
2320.56 0.524631
2326.52 0.523959
2332.48 0.523289
2338.44 0.522621
2344.4 0.521957
2350.36 0.521294
2356.32 0.520635
2362.28 0.519978
2368.24 0.519323
2374.2 0.518671
2380.16 0.518021
2386.12 0.517373
2392.08 0.516729
2398.04 0.516086
2404 0.515446
2409.96 0.514808
2415.92 0.514173
2421.88 0.51354
2427.84 0.512909
2433.8 0.512281
2439.76 0.511654
2445.72 0.511031
2451.68 0.510409
2457.64 0.50979
2463.6 0.509173
2469.56 0.508558
2475.52 0.507945
2481.48 0.507335
2487.44 0.506727
2493.4 0.506121
2499.36 0.505517
2505.32 0.504915
2511.28 0.504316
2517.24 0.503719
2523.2 0.503123
2529.16 0.50253
2535.12 0.501939
2541.08 0.50135
2547.04 0.500763
2553 0.500178
2558.96 0.499596
2564.92 0.499015
2570.88 0.498436
2576.84 0.497859
2582.8 0.497284
2588.76 0.496712
2594.72 0.496141
2600.68 0.495572
2606.64 0.495005
2612.6 0.49444
2618.56 0.493877
2624.52 0.493316
2630.48 0.492757
2636.44 0.4922
2642.4 0.491644
2648.36 0.491091
2654.32 0.490539
2660.28 0.489989
2666.24 0.489441
2672.2 0.488895
2678.16 0.488351
2684.12 0.487808
2690.08 0.487268
2696.04 0.486729
2702 0.486192
2707.96 0.485656
2713.92 0.485123
2719.88 0.484591
2725.84 0.484061
2731.8 0.483533
2737.76 0.483006
2743.72 0.482481
2749.68 0.481958
2755.64 0.481437
2761.6 0.480917
2767.56 0.480399
2773.52 0.479882
2779.48 0.479367
2785.44 0.478854
2791.4 0.478343
2797.36 0.477833
2803.32 0.477325
2809.28 0.476818
2815.24 0.476313
2821.2 0.47581
2827.16 0.475308
2833.12 0.474808
2839.08 0.474309
2845.04 0.473812
2851 0.473317
2856.96 0.472823
2862.92 0.47233
2868.88 0.471839
2874.84 0.47135
2880.8 0.470862
2886.76 0.470376
2892.72 0.469891
2898.68 0.469408
2904.64 0.468926
2910.6 0.468445
2916.56 0.467967
2922.52 0.467489
2928.48 0.467013
2934.44 0.466539
2940.4 0.466066
2946.36 0.465594
2952.32 0.465124
2958.28 0.464655
2964.24 0.464188
2970.2 0.463722
2976.16 0.463257
2982.12 0.462794
2988.08 0.462332
2994.04 0.461872
