20 0.884779
25.96 1.00803
31.92 1.11777
37.88 1.21766
43.84 1.30995
49.8 1.39616
55.76 1.47734
61.72 1.55429
67.68 1.62761
73.64 1.69776
79.6 1.76513
85.56 1.83002
91.52 1.89268
97.48 1.95334
103.44 2.01217
109.4 2.06932
115.36 2.12494
121.32 2.17914
127.28 2.23203
133.24 2.28369
139.2 2.33421
145.16 2.38365
151.12 2.4321
157.08 2.47959
163.04 2.52619
169 2.57195
174.96 2.61691
180.92 2.66111
186.88 2.70459
192.84 2.74738
198.8 2.78951
204.76 2.83102
210.72 2.87192
216.68 2.91225
222.64 2.95203
228.6 2.99129
234.56 3.03003
240.52 3.06828
246.48 3.10607
252.44 3.14339
258.4 3.18028
264.36 3.21675
270.32 3.25281
276.28 3.28847
282.24 3.32375
288.2 3.35867
294.16 3.39322
300.12 3.42742
306.08 3.46128
312.04 3.49482
318 3.52804
323.96 3.56095
329.92 3.59355
335.88 3.62587
341.84 3.65789
347.8 3.68964
353.76 3.72112
359.72 3.75234
365.68 3.7833
371.64 3.814
377.6 3.84446
383.56 3.87468
389.52 3.90467
395.48 3.93443
401.44 3.96397
407.4 3.99328
413.36 4.02239
419.32 4.05128
425.28 4.07997
431.24 4.10846
437.2 4.13675
443.16 4.16486
449.12 4.19277
455.08 4.2205
461.04 4.24804
467 4.27541
472.96 4.30261
478.92 4.32963
484.88 4.35649
490.84 4.38318
496.8 4.40971
502.76 4.43609
508.72 4.4623
514.68 4.48837
520.64 4.51428
526.6 4.54004
532.56 4.56566
538.52 4.59114
544.48 4.61648
550.44 4.64167
556.4 4.66674
562.36 4.69166
568.32 4.71646
574.28 4.74113
580.24 4.76567
586.2 4.79008
592.16 4.81437
598.12 4.83853
604.08 4.86258
610.04 4.88651
616 4.91032
621.96 4.93402
627.92 4.9576
633.88 4.98108
639.84 5.00444
645.8 5.02769
651.76 5.05084
657.72 5.07388
663.68 5.09682
669.64 5.11965
675.6 5.14238
681.56 5.16502
687.52 5.18755
693.48 5.20999
699.44 5.23233
705.4 5.25457
711.36 5.27672
717.32 5.29878
723.28 5.32075
729.24 5.34263
735.2 5.36442
741.16 5.38612
747.12 5.40773
753.08 5.42926
759.04 5.4507
765 5.47205
770.96 5.49333
776.92 5.51452
782.88 5.53563
788.84 5.55666
794.8 5.57762
800.76 5.59849
806.72 5.61929
812.68 5.64001
818.64 5.66065
824.6 5.68122
830.56 5.70171
836.52 5.72213
842.48 5.74248
848.44 5.76276
854.4 5.78296
860.36 5.8031
866.32 5.82316
872.28 5.84316
878.24 5.86309
884.2 5.88295
890.16 5.90274
896.12 5.92247
902.08 5.94213
908.04 5.96173
914 5.98126
919.96 6.00073
925.92 6.02014
931.88 6.03948
937.84 6.05876
943.8 6.07799
949.76 6.09715
955.72 6.11625
961.68 6.13529
967.64 6.15427
973.6 6.1732
979.56 6.19206
985.52 6.21087
991.48 6.22962
997.44 6.24832
1003.4 6.26696
1009.36 6.28554
1015.32 6.30407
1021.28 6.32255
1027.24 6.34097
1033.2 6.35934
1039.16 6.37765
1045.12 6.39592
1051.08 6.41413
1057.04 6.43229
1063 6.4504
1068.96 6.46845
1074.92 6.48646
1080.88 6.50442
1086.84 6.52233
1092.8 6.54019
1098.76 6.558
1104.72 6.57576
1110.68 6.59347
1116.64 6.61114
1122.6 6.62876
1128.56 6.64633
1134.52 6.66386
1140.48 6.68134
1146.44 6.69877
1152.4 6.71616
1158.36 6.73351
1164.32 6.75081
1170.28 6.76807
1176.24 6.78528
1182.2 6.80245
1188.16 6.81957
1194.12 6.83666
1200.08 6.8537
1206.04 6.87069
1212 6.88765
1217.96 6.90456
1223.92 6.92144
1229.88 6.93827
1235.84 6.95506
1241.8 6.97181
1247.76 6.98852
1253.72 7.00519
1259.68 7.02182
1265.64 7.03841
1271.6 7.05497
1277.56 7.07148
1283.52 7.08796
1289.48 7.10439
1295.44 7.12079
1301.4 7.13715
1307.36 7.15348
1313.32 7.16977
1319.28 7.18602
1325.24 7.20223
1331.2 7.21841
1337.16 7.23455
1343.12 7.25065
1349.08 7.26672
1355.04 7.28276
1361 7.29875
1366.96 7.31472
1372.92 7.33065
1378.88 7.34654
1384.84 7.3624
1390.8 7.37823
1396.76 7.39402
1402.72 7.40978
1408.68 7.4255
1414.64 7.44119
1420.6 7.45685
1426.56 7.47248
1432.52 7.48807
1438.48 7.50363
1444.44 7.51916
1450.4 7.53466
1456.36 7.55012
1462.32 7.56556
1468.28 7.58096
1474.24 7.59633
1480.2 7.61167
1486.16 7.62698
1492.12 7.64226
1498.08 7.6575
1504.04 7.67272
1510 7.68791
1515.96 7.70307
1521.92 7.71819
1527.88 7.73329
1533.84 7.74836
1539.8 7.7634
1545.76 7.77841
1551.72 7.79339
1557.68 7.80834
1563.64 7.82327
1569.6 7.83816
1575.56 7.85303
1581.52 7.86787
1587.48 7.88268
1593.44 7.89746
1599.4 7.91222
1605.36 7.92695
1611.32 7.94165
1617.28 7.95632
1623.24 7.97097
1629.2 7.98559
1635.16 8.00018
1641.12 8.01475
1647.08 8.02929
1653.04 8.0438
1659 8.05829
1664.96 8.07275
1670.92 8.08719
1676.88 8.1016
1682.84 8.11598
1688.8 8.13034
1694.76 8.14468
1700.72 8.15898
1706.68 8.17327
1712.64 8.18753
1718.6 8.20176
1724.56 8.21597
1730.52 8.23016
1736.48 8.24432
1742.44 8.25845
1748.4 8.27256
1754.36 8.28665
1760.32 8.30072
1766.28 8.31476
1772.24 8.32877
1778.2 8.34277
1784.16 8.35673
1790.12 8.37068
1796.08 8.3846
1802.04 8.3985
1808 8.41238
1813.96 8.42624
1819.92 8.44007
1825.88 8.45388
1831.84 8.46766
1837.8 8.48143
1843.76 8.49517
1849.72 8.50889
1855.68 8.52258
1861.64 8.53626
1867.6 8.54991
1873.56 8.56354
1879.52 8.57715
1885.48 8.59074
1891.44 8.60431
1897.4 8.61785
1903.36 8.63138
1909.32 8.64488
1915.28 8.65836
1921.24 8.67183
1927.2 8.68527
1933.16 8.69869
1939.12 8.71208
1945.08 8.72546
1951.04 8.73882
1957 8.75216
1962.96 8.76547
1968.92 8.77877
1974.88 8.79205
1980.84 8.80531
1986.8 8.81854
1992.76 8.83176
1998.72 8.84496
2004.68 8.85813
2010.64 8.87129
2016.6 8.88443
2022.56 8.89755
2028.52 8.91065
2034.48 8.92373
2040.44 8.93679
2046.4 8.94983
2052.36 8.96286
2058.32 8.97586
2064.28 8.98885
2070.24 9.00181
2076.2 9.01476
2082.16 9.02769
2088.12 9.0406
2094.08 9.0535
2100.04 9.06637
2106 9.07923
2111.96 9.09207
2117.92 9.10489
2123.88 9.11769
2129.84 9.13047
2135.8 9.14324
2141.76 9.15599
2147.72 9.16872
2153.68 9.18143
2159.64 9.19412
2165.6 9.2068
2171.56 9.21946
2177.52 9.23211
2183.48 9.24473
2189.44 9.25734
2195.4 9.26993
2201.36 9.28251
2207.32 9.29506
2213.28 9.3076
2219.24 9.32013
2225.2 9.33263
2231.16 9.34512
2237.12 9.3576
2243.08 9.37005
2249.04 9.38249
2255 9.39492
2260.96 9.40733
2266.92 9.41972
2272.88 9.43209
2278.84 9.44445
2284.8 9.45679
2290.76 9.46912
2296.72 9.48143
2302.68 9.49372
2308.64 9.506
2314.6 9.51826
2320.56 9.53051
2326.52 9.54274
2332.48 9.55496
2338.44 9.56716
2344.4 9.57934
2350.36 9.59151
2356.32 9.60366
2362.28 9.6158
2368.24 9.62792
2374.2 9.64003
2380.16 9.65212
2386.12 9.6642
2392.08 9.67626
2398.04 9.68831
2404 9.70034
2409.96 9.71236
2415.92 9.72436
2421.88 9.73635
2427.84 9.74832
2433.8 9.76028
2439.76 9.77222
2445.72 9.78415
2451.68 9.79606
2457.64 9.80796
2463.6 9.81985
2469.56 9.83172
2475.52 9.84358
2481.48 9.85542
2487.44 9.86725
2493.4 9.87906
2499.36 9.89086
2505.32 9.90265
2511.28 9.91442
2517.24 9.92618
2523.2 9.93792
2529.16 9.94965
2535.12 9.96137
2541.08 9.97307
2547.04 9.98476
2553 9.99643
2558.96 10.0081
2564.92 10.0197
2570.88 10.0314
2576.84 10.043
2582.8 10.0546
2588.76 10.0662
2594.72 10.0778
2600.68 10.0893
2606.64 10.1009
2612.6 10.1124
2618.56 10.124
2624.52 10.1355
2630.48 10.147
2636.44 10.1585
2642.4 10.17
2648.36 10.1814
2654.32 10.1929
2660.28 10.2043
2666.24 10.2157
2672.2 10.2271
2678.16 10.2385
2684.12 10.2499
2690.08 10.2613
2696.04 10.2727
2702 10.284
2707.96 10.2953
2713.92 10.3067
2719.88 10.318
2725.84 10.3293
2731.8 10.3406
2737.76 10.3518
2743.72 10.3631
2749.68 10.3743
2755.64 10.3856
2761.6 10.3968
2767.56 10.408
2773.52 10.4192
2779.48 10.4304
2785.44 10.4416
2791.4 10.4528
2797.36 10.4639
2803.32 10.475
2809.28 10.4862
2815.24 10.4973
2821.2 10.5084
2827.16 10.5195
2833.12 10.5306
2839.08 10.5416
2845.04 10.5527
2851 10.5638
2856.96 10.5748
2862.92 10.5858
2868.88 10.5968
2874.84 10.6078
2880.8 10.6188
2886.76 10.6298
2892.72 10.6408
2898.68 10.6517
2904.64 10.6627
2910.6 10.6736
2916.56 10.6845
2922.52 10.6954
2928.48 10.7063
2934.44 10.7172
2940.4 10.7281
2946.36 10.739
2952.32 10.7498
2958.28 10.7607
2964.24 10.7715
2970.2 10.7823
2976.16 10.7931
2982.12 10.8039
2988.08 10.8147
2994.04 10.8255
