20 4.4151
25.96 5.03012
31.92 5.57773
37.88 6.07618
43.84 6.53674
49.8 6.96692
55.76 7.37203
61.72 7.75602
67.68 8.12187
73.64 8.47194
79.6 8.8081
85.56 9.1319
91.52 9.44461
97.48 9.74729
103.44 10.0408
109.4 10.3261
115.36 10.6036
121.32 10.8741
127.28 11.138
133.24 11.3958
139.2 11.6478
145.16 11.8946
151.12 12.1363
157.08 12.3733
163.04 12.6059
169 12.8342
174.96 13.0586
180.92 13.2791
186.88 13.4961
192.84 13.7096
198.8 13.9198
204.76 14.127
210.72 14.3311
216.68 14.5323
222.64 14.7308
228.6 14.9267
234.56 15.12
240.52 15.3109
246.48 15.4995
252.44 15.6857
258.4 15.8698
264.36 16.0518
270.32 16.2317
276.28 16.4097
282.24 16.5858
288.2 16.76
294.16 16.9324
300.12 17.103
306.08 17.272
312.04 17.4394
318 17.6051
323.96 17.7694
329.92 17.9321
335.88 18.0933
341.84 18.2531
347.8 18.4116
353.76 18.5686
359.72 18.7244
365.68 18.8789
371.64 19.0321
377.6 19.1841
383.56 19.3349
389.52 19.4846
395.48 19.6331
401.44 19.7805
407.4 19.9267
413.36 20.072
419.32 20.2162
425.28 20.3593
431.24 20.5015
437.2 20.6427
443.16 20.7829
449.12 20.9222
455.08 21.0606
461.04 21.198
467 21.3346
472.96 21.4703
478.92 21.6052
484.88 21.7392
490.84 21.8724
496.8 22.0048
502.76 22.1364
508.72 22.2672
514.68 22.3972
520.64 22.5266
526.6 22.6551
532.56 22.783
538.52 22.9101
544.48 23.0365
550.44 23.1623
556.4 23.2873
562.36 23.4117
568.32 23.5354
574.28 23.6585
580.24 23.781
586.2 23.9028
592.16 24.024
598.12 24.1446
604.08 24.2646
610.04 24.384
616 24.5028
621.96 24.6211
627.92 24.7388
633.88 24.8559
639.84 24.9725
645.8 25.0885
651.76 25.204
657.72 25.319
663.68 25.4335
669.64 25.5474
675.6 25.6608
681.56 25.7738
687.52 25.8862
693.48 25.9982
699.44 26.1097
705.4 26.2207
711.36 26.3312
717.32 26.4413
723.28 26.5509
729.24 26.6601
735.2 26.7688
741.16 26.8771
747.12 26.9849
753.08 27.0923
759.04 27.1993
765 27.3059
770.96 27.4121
776.92 27.5178
782.88 27.6232
788.84 27.7281
794.8 27.8327
800.76 27.9368
806.72 28.0406
812.68 28.144
818.64 28.247
824.6 28.3496
830.56 28.4519
836.52 28.5538
842.48 28.6554
848.44 28.7565
854.4 28.8574
860.36 28.9578
866.32 29.058
872.28 29.1577
878.24 29.2572
884.2 29.3563
890.16 29.4551
896.12 29.5535
902.08 29.6516
908.04 29.7494
914 29.8469
919.96 29.944
925.92 30.0409
931.88 30.1374
937.84 30.2336
943.8 30.3295
949.76 30.4252
955.72 30.5205
961.68 30.6155
967.64 30.7102
973.6 30.8046
979.56 30.8988
985.52 30.9926
991.48 31.0862
997.44 31.1795
1003.4 31.2725
1009.36 31.3653
1015.32 31.4577
1021.28 31.5499
1027.24 31.6419
1033.2 31.7335
1039.16 31.8249
1045.12 31.916
1051.08 32.0069
1057.04 32.0975
1063 32.1879
1068.96 32.278
1074.92 32.3679
1080.88 32.4575
1086.84 32.5468
1092.8 32.636
1098.76 32.7248
1104.72 32.8135
1110.68 32.9019
1116.64 32.99
1122.6 33.0779
1128.56 33.1656
1134.52 33.2531
1140.48 33.3403
1146.44 33.4273
1152.4 33.5141
1158.36 33.6007
1164.32 33.687
1170.28 33.7731
1176.24 33.859
1182.2 33.9447
1188.16 34.0301
1194.12 34.1154
1200.08 34.2004
1206.04 34.2852
1212 34.3698
1217.96 34.4542
1223.92 34.5384
1229.88 34.6224
1235.84 34.7062
1241.8 34.7898
1247.76 34.8732
1253.72 34.9564
1259.68 35.0394
1265.64 35.1221
1271.6 35.2047
1277.56 35.2872
1283.52 35.3694
1289.48 35.4514
1295.44 35.5332
1301.4 35.6149
1307.36 35.6963
1313.32 35.7776
1319.28 35.8587
1325.24 35.9396
1331.2 36.0203
1337.16 36.1009
1343.12 36.1812
1349.08 36.2614
1355.04 36.3414
1361 36.4213
1366.96 36.5009
1372.92 36.5804
1378.88 36.6597
1384.84 36.7389
1390.8 36.8178
1396.76 36.8966
1402.72 36.9753
1408.68 37.0537
1414.64 37.132
1420.6 37.2102
1426.56 37.2882
1432.52 37.366
1438.48 37.4436
1444.44 37.5211
1450.4 37.5984
1456.36 37.6756
1462.32 37.7526
1468.28 37.8295
1474.24 37.9062
1480.2 37.9827
1486.16 38.0591
1492.12 38.1354
1498.08 38.2114
1504.04 38.2874
1510 38.3632
1515.96 38.4388
1521.92 38.5143
1527.88 38.5896
1533.84 38.6648
1539.8 38.7399
1545.76 38.8148
1551.72 38.8895
1557.68 38.9641
1563.64 39.0386
1569.6 39.1129
1575.56 39.1871
1581.52 39.2612
1587.48 39.3351
1593.44 39.4089
1599.4 39.4825
1605.36 39.556
1611.32 39.6293
1617.28 39.7026
1623.24 39.7757
1629.2 39.8486
1635.16 39.9214
1641.12 39.9941
1647.08 40.0667
1653.04 40.1391
1659 40.2114
1664.96 40.2836
1670.92 40.3556
1676.88 40.4275
1682.84 40.4993
1688.8 40.5709
1694.76 40.6425
1700.72 40.7139
1706.68 40.7851
1712.64 40.8563
1718.6 40.9273
1724.56 40.9982
1730.52 41.069
1736.48 41.1397
1742.44 41.2102
1748.4 41.2806
1754.36 41.3509
1760.32 41.4211
1766.28 41.4912
1772.24 41.5611
1778.2 41.6309
1784.16 41.7007
1790.12 41.7702
1796.08 41.8397
1802.04 41.9091
1808 41.9783
1813.96 42.0475
1819.92 42.1165
1825.88 42.1854
1831.84 42.2542
1837.8 42.3229
1843.76 42.3914
1849.72 42.4599
1855.68 42.5282
1861.64 42.5965
1867.6 42.6646
1873.56 42.7326
1879.52 42.8006
1885.48 42.8684
1891.44 42.9361
1897.4 43.0037
1903.36 43.0711
1909.32 43.1385
1915.28 43.2058
1921.24 43.273
1927.2 43.34
1933.16 43.407
1939.12 43.4739
1945.08 43.5406
1951.04 43.6073
1957 43.6738
1962.96 43.7403
1968.92 43.8066
1974.88 43.8729
1980.84 43.939
1986.8 44.0051
1992.76 44.0711
1998.72 44.1369
2004.68 44.2027
2010.64 44.2683
2016.6 44.3339
2022.56 44.3994
2028.52 44.4647
2034.48 44.53
2040.44 44.5952
2046.4 44.6603
2052.36 44.7252
2058.32 44.7901
2064.28 44.8549
2070.24 44.9196
2076.2 44.9843
2082.16 45.0488
2088.12 45.1132
2094.08 45.1775
2100.04 45.2418
2106 45.3059
2111.96 45.37
2117.92 45.434
2123.88 45.4979
2129.84 45.5616
2135.8 45.6254
2141.76 45.689
2147.72 45.7525
2153.68 45.8159
2159.64 45.8793
2165.6 45.9425
2171.56 46.0057
2177.52 46.0688
2183.48 46.1318
2189.44 46.1947
2195.4 46.2576
2201.36 46.3203
2207.32 46.383
2213.28 46.4456
2219.24 46.508
2225.2 46.5705
2231.16 46.6328
2237.12 46.695
2243.08 46.7572
2249.04 46.8193
2255 46.8813
2260.96 46.9432
2266.92 47.005
2272.88 47.0667
2278.84 47.1284
2284.8 47.19
2290.76 47.2515
2296.72 47.3129
2302.68 47.3743
2308.64 47.4356
2314.6 47.4968
2320.56 47.5579
2326.52 47.6189
2332.48 47.6799
2338.44 47.7407
2344.4 47.8015
2350.36 47.8623
2356.32 47.9229
2362.28 47.9835
2368.24 48.044
2374.2 48.1044
2380.16 48.1647
2386.12 48.225
2392.08 48.2852
2398.04 48.3453
2404 48.4053
2409.96 48.4653
2415.92 48.5252
2421.88 48.585
2427.84 48.6447
2433.8 48.7044
2439.76 48.764
2445.72 48.8235
2451.68 48.883
2457.64 48.9424
2463.6 49.0017
2469.56 49.0609
2475.52 49.1201
2481.48 49.1792
2487.44 49.2382
2493.4 49.2972
2499.36 49.356
2505.32 49.4149
2511.28 49.4736
2517.24 49.5323
2523.2 49.5909
2529.16 49.6494
2535.12 49.7079
2541.08 49.7663
2547.04 49.8246
2553 49.8829
2558.96 49.9411
2564.92 49.9992
2570.88 50.0572
2576.84 50.1152
2582.8 50.1731
2588.76 50.231
2594.72 50.2888
2600.68 50.3465
2606.64 50.4042
2612.6 50.4618
2618.56 50.5193
2624.52 50.5767
2630.48 50.6341
2636.44 50.6915
2642.4 50.7487
2648.36 50.8059
2654.32 50.8631
2660.28 50.9201
2666.24 50.9772
2672.2 51.0341
2678.16 51.091
2684.12 51.1478
2690.08 51.2045
2696.04 51.2612
2702 51.3179
2707.96 51.3744
2713.92 51.4309
2719.88 51.4874
2725.84 51.5438
2731.8 51.6001
2737.76 51.6563
2743.72 51.7125
2749.68 51.7687
2755.64 51.8247
2761.6 51.8808
2767.56 51.9367
2773.52 51.9926
2779.48 52.0484
2785.44 52.1042
2791.4 52.1599
2797.36 52.2156
2803.32 52.2712
2809.28 52.3267
2815.24 52.3822
2821.2 52.4376
2827.16 52.493
2833.12 52.5483
2839.08 52.6035
2845.04 52.6587
2851 52.7138
2856.96 52.7689
2862.92 52.8239
2868.88 52.8789
2874.84 52.9338
2880.8 52.9886
2886.76 53.0434
2892.72 53.0981
2898.68 53.1528
2904.64 53.2074
2910.6 53.262
2916.56 53.3165
2922.52 53.3709
2928.48 53.4253
2934.44 53.4797
2940.4 53.5339
2946.36 53.5882
2952.32 53.6423
2958.28 53.6965
2964.24 53.7505
2970.2 53.8045
2976.16 53.8585
2982.12 53.9124
2988.08 53.9662
2994.04 54.02
