20 2.5
25.96 2.84824
31.92 3.15832
37.88 3.44056
43.84 3.70135
49.8 3.94493
55.76 4.17432
61.72 4.39175
67.68 4.59891
73.64 4.79713
79.6 4.98748
85.56 5.17083
91.52 5.34789
97.48 5.51928
103.44 5.6855
109.4 5.847
115.36 6.00416
121.32 6.15731
127.28 6.30674
133.24 6.45271
139.2 6.59545
145.16 6.73516
151.12 6.87204
157.08 7.00624
163.04 7.13792
169 7.26721
174.96 7.39425
180.92 7.51914
186.88 7.64198
192.84 7.76289
198.8 7.88193
204.76 7.99921
210.72 8.11479
216.68 8.22875
222.64 8.34116
228.6 8.45206
234.56 8.56153
240.52 8.66962
246.48 8.77638
252.44 8.88186
258.4 8.98609
264.36 9.08913
270.32 9.19102
276.28 9.29179
282.24 9.39148
288.2 9.49012
294.16 9.58774
300.12 9.68439
306.08 9.78007
312.04 9.87483
318 9.96869
323.96 10.0617
329.92 10.1538
335.88 10.2451
341.84 10.3356
347.8 10.4253
353.76 10.5143
359.72 10.6025
365.68 10.6899
371.64 10.7767
377.6 10.8628
383.56 10.9482
389.52 11.0329
395.48 11.117
401.44 11.2004
407.4 11.2833
413.36 11.3655
419.32 11.4472
425.28 11.5282
431.24 11.6087
437.2 11.6887
443.16 11.7681
449.12 11.8469
455.08 11.9253
461.04 12.0031
467 12.0804
472.96 12.1573
478.92 12.2337
484.88 12.3095
490.84 12.385
496.8 12.4599
502.76 12.5344
508.72 12.6085
514.68 12.6822
520.64 12.7554
526.6 12.8282
532.56 12.9006
538.52 12.9726
544.48 13.0441
550.44 13.1153
556.4 13.1862
562.36 13.2566
568.32 13.3267
574.28 13.3963
580.24 13.4657
586.2 13.5347
592.16 13.6033
598.12 13.6716
604.08 13.7395
610.04 13.8071
616 13.8744
621.96 13.9414
627.92 14.008
633.88 14.0743
639.84 14.1404
645.8 14.2061
651.76 14.2715
657.72 14.3366
663.68 14.4014
669.64 14.4659
675.6 14.5301
681.56 14.5941
687.52 14.6577
693.48 14.7211
699.44 14.7843
705.4 14.8471
711.36 14.9097
717.32 14.972
723.28 15.0341
729.24 15.0959
735.2 15.1575
741.16 15.2188
747.12 15.2799
753.08 15.3407
759.04 15.4013
765 15.4616
770.96 15.5217
776.92 15.5816
782.88 15.6413
788.84 15.7007
794.8 15.7599
800.76 15.8189
806.72 15.8776
812.68 15.9362
818.64 15.9945
824.6 16.0526
830.56 16.1105
836.52 16.1682
842.48 16.2257
848.44 16.283
854.4 16.3401
860.36 16.397
866.32 16.4537
872.28 16.5102
878.24 16.5665
884.2 16.6226
890.16 16.6786
896.12 16.7343
902.08 16.7899
908.04 16.8452
914 16.9004
919.96 16.9554
925.92 17.0103
931.88 17.0649
937.84 17.1194
943.8 17.1737
949.76 17.2279
955.72 17.2818
961.68 17.3356
967.64 17.3893
973.6 17.4427
979.56 17.4961
985.52 17.5492
991.48 17.6022
997.44 17.655
1003.4 17.7077
1009.36 17.7602
1015.32 17.8126
1021.28 17.8648
1027.24 17.9168
1033.2 17.9687
1039.16 18.0205
1045.12 18.0721
1051.08 18.1235
1057.04 18.1748
1063 18.226
1068.96 18.277
1074.92 18.3279
1080.88 18.3786
1086.84 18.4292
1092.8 18.4797
1098.76 18.53
1104.72 18.5802
1110.68 18.6303
1116.64 18.6802
1122.6 18.73
1128.56 18.7796
1134.52 18.8291
1140.48 18.8785
1146.44 18.9278
1152.4 18.9769
1158.36 19.026
1164.32 19.0748
1170.28 19.1236
1176.24 19.1722
1182.2 19.2207
1188.16 19.2691
1194.12 19.3174
1200.08 19.3655
1206.04 19.4136
1212 19.4615
1217.96 19.5093
1223.92 19.557
1229.88 19.6045
1235.84 19.652
1241.8 19.6993
1247.76 19.7465
1253.72 19.7936
1259.68 19.8406
1265.64 19.8875
1271.6 19.9342
1277.56 19.9809
1283.52 20.0275
1289.48 20.0739
1295.44 20.1202
1301.4 20.1665
1307.36 20.2126
1313.32 20.2586
1319.28 20.3045
1325.24 20.3504
1331.2 20.3961
1337.16 20.4417
1343.12 20.4872
1349.08 20.5326
1355.04 20.5779
1361 20.6231
1366.96 20.6682
1372.92 20.7132
1378.88 20.7581
1384.84 20.8029
1390.8 20.8476
1396.76 20.8923
1402.72 20.9368
1408.68 20.9812
1414.64 21.0256
1420.6 21.0698
1426.56 21.114
1432.52 21.158
1438.48 21.202
1444.44 21.2459
1450.4 21.2897
1456.36 21.3333
1462.32 21.377
1468.28 21.4205
1474.24 21.4639
1480.2 21.5072
1486.16 21.5505
1492.12 21.5937
1498.08 21.6368
1504.04 21.6798
1510 21.7227
1515.96 21.7655
1521.92 21.8082
1527.88 21.8509
1533.84 21.8935
1539.8 21.936
1545.76 21.9784
1551.72 22.0207
1557.68 22.063
1563.64 22.1051
1569.6 22.1472
1575.56 22.1892
1581.52 22.2312
1587.48 22.273
1593.44 22.3148
1599.4 22.3565
1605.36 22.3981
1611.32 22.4396
1617.28 22.4811
1623.24 22.5225
1629.2 22.5638
1635.16 22.605
1641.12 22.6462
1647.08 22.6873
1653.04 22.7283
1659 22.7692
1664.96 22.8101
1670.92 22.8509
1676.88 22.8916
1682.84 22.9322
1688.8 22.9728
1694.76 23.0133
1700.72 23.0537
1706.68 23.0941
1712.64 23.1344
1718.6 23.1746
1724.56 23.2147
1730.52 23.2548
1736.48 23.2948
1742.44 23.3348
1748.4 23.3746
1754.36 23.4145
1760.32 23.4542
1766.28 23.4939
1772.24 23.5335
1778.2 23.573
1784.16 23.6125
1790.12 23.6519
1796.08 23.6912
1802.04 23.7305
1808 23.7697
1813.96 23.8089
1819.92 23.8479
1825.88 23.887
1831.84 23.9259
1837.8 23.9648
1843.76 24.0036
1849.72 24.0424
1855.68 24.0811
1861.64 24.1197
1867.6 24.1583
1873.56 24.1968
1879.52 24.2353
1885.48 24.2737
1891.44 24.312
1897.4 24.3503
1903.36 24.3885
1909.32 24.4267
1915.28 24.4647
1921.24 24.5028
1927.2 24.5408
1933.16 24.5787
1939.12 24.6165
1945.08 24.6543
1951.04 24.6921
1957 24.7298
1962.96 24.7674
1968.92 24.805
1974.88 24.8425
1980.84 24.8799
1986.8 24.9173
1992.76 24.9547
1998.72 24.992
2004.68 25.0292
2010.64 25.0664
2016.6 25.1035
2022.56 25.1406
2028.52 25.1776
2034.48 25.2146
2040.44 25.2515
2046.4 25.2883
2052.36 25.3251
2058.32 25.3619
2064.28 25.3986
2070.24 25.4352
2076.2 25.4718
2082.16 25.5083
2088.12 25.5448
2094.08 25.5812
2100.04 25.6176
2106 25.6539
2111.96 25.6902
2117.92 25.7264
2123.88 25.7626
2129.84 25.7987
2135.8 25.8348
2141.76 25.8708
2147.72 25.9068
2153.68 25.9427
2159.64 25.9786
2165.6 26.0144
2171.56 26.0502
2177.52 26.0859
2183.48 26.1216
2189.44 26.1572
2195.4 26.1928
2201.36 26.2283
2207.32 26.2638
2213.28 26.2992
2219.24 26.3346
2225.2 26.3699
2231.16 26.4052
2237.12 26.4405
2243.08 26.4757
2249.04 26.5108
2255 26.5459
2260.96 26.581
2266.92 26.616
2272.88 26.651
2278.84 26.6859
2284.8 26.7208
2290.76 26.7556
2296.72 26.7904
2302.68 26.8251
2308.64 26.8598
2314.6 26.8944
2320.56 26.9291
2326.52 26.9636
2332.48 26.9981
2338.44 27.0326
2344.4 27.067
2350.36 27.1014
2356.32 27.1357
2362.28 27.17
2368.24 27.2043
2374.2 27.2385
2380.16 27.2727
2386.12 27.3068
2392.08 27.3409
2398.04 27.3749
2404 27.4089
2409.96 27.4429
2415.92 27.4768
2421.88 27.5107
2427.84 27.5445
2433.8 27.5783
2439.76 27.612
2445.72 27.6457
2451.68 27.6794
2457.64 27.713
2463.6 27.7466
2469.56 27.7801
2475.52 27.8136
2481.48 27.8471
2487.44 27.8805
2493.4 27.9139
2499.36 27.9472
2505.32 27.9805
2511.28 28.0138
2517.24 28.047
2523.2 28.0802
2529.16 28.1134
2535.12 28.1465
2541.08 28.1795
2547.04 28.2126
2553 28.2456
2558.96 28.2785
2564.92 28.3114
2570.88 28.3443
2576.84 28.3771
2582.8 28.4099
2588.76 28.4427
2594.72 28.4754
2600.68 28.5081
2606.64 28.5407
2612.6 28.5733
2618.56 28.6059
2624.52 28.6385
2630.48 28.671
2636.44 28.7034
2642.4 28.7358
2648.36 28.7682
2654.32 28.8006
2660.28 28.8329
2666.24 28.8652
2672.2 28.8974
2678.16 28.9296
2684.12 28.9618
2690.08 28.9939
2696.04 29.026
2702 29.0581
2707.96 29.0901
2713.92 29.1221
2719.88 29.1541
2725.84 29.186
2731.8 29.2179
2737.76 29.2498
2743.72 29.2816
2749.68 29.3134
2755.64 29.3451
2761.6 29.3768
2767.56 29.4085
2773.52 29.4402
2779.48 29.4718
2785.44 29.5034
2791.4 29.5349
2797.36 29.5664
2803.32 29.5979
2809.28 29.6294
2815.24 29.6608
2821.2 29.6921
2827.16 29.7235
2833.12 29.7548
2839.08 29.7861
2845.04 29.8173
2851 29.8486
2856.96 29.8797
2862.92 29.9109
2868.88 29.942
2874.84 29.9731
2880.8 30.0041
2886.76 30.0352
2892.72 30.0662
2898.68 30.0971
2904.64 30.128
2910.6 30.1589
2916.56 30.1898
2922.52 30.2206
2928.48 30.2514
2934.44 30.2822
2940.4 30.3129
2946.36 30.3436
2952.32 30.3743
2958.28 30.4049
2964.24 30.4356
2970.2 30.4661
2976.16 30.4967
2982.12 30.5272
2988.08 30.5577
2994.04 30.5882
