20 0.521286
25.96 0.5939
31.92 0.658555
37.88 0.717407
43.84 0.771784
49.8 0.822575
55.76 0.870406
61.72 0.915743
67.68 0.958939
73.64 1.00027
79.6 1.03996
85.56 1.07819
91.52 1.11511
97.48 1.15085
103.44 1.18551
109.4 1.21918
115.36 1.25195
121.32 1.28389
127.28 1.31505
133.24 1.34548
139.2 1.37525
145.16 1.40438
151.12 1.43292
157.08 1.4609
163.04 1.48836
169 1.51532
174.96 1.54181
180.92 1.56785
186.88 1.59346
192.84 1.61867
198.8 1.6435
204.76 1.66795
210.72 1.69205
216.68 1.71581
222.64 1.73925
228.6 1.76238
234.56 1.7852
240.52 1.80774
246.48 1.83
252.44 1.85199
258.4 1.87373
264.36 1.89522
270.32 1.91646
276.28 1.93747
282.24 1.95826
288.2 1.97883
294.16 1.99918
300.12 2.01933
306.08 2.03929
312.04 2.05905
318 2.07862
323.96 2.098
329.92 2.11722
335.88 2.13625
341.84 2.15512
347.8 2.17383
353.76 2.19238
359.72 2.21077
365.68 2.22901
371.64 2.2471
377.6 2.26504
383.56 2.28285
389.52 2.30052
395.48 2.31805
401.44 2.33545
407.4 2.35273
413.36 2.36987
419.32 2.3869
425.28 2.4038
431.24 2.42058
437.2 2.43725
443.16 2.45381
449.12 2.47026
455.08 2.48659
461.04 2.50282
467 2.51895
472.96 2.53497
478.92 2.55089
484.88 2.56672
490.84 2.58244
496.8 2.59807
502.76 2.61361
508.72 2.62906
514.68 2.64441
520.64 2.65968
526.6 2.67486
532.56 2.68995
538.52 2.70496
544.48 2.71989
550.44 2.73474
556.4 2.7495
562.36 2.76419
568.32 2.7788
574.28 2.79333
580.24 2.80779
586.2 2.82217
592.16 2.83648
598.12 2.85072
604.08 2.86489
610.04 2.87899
616 2.89302
621.96 2.90698
627.92 2.92087
633.88 2.9347
639.84 2.94847
645.8 2.96217
651.76 2.97581
657.72 2.98938
663.68 3.00289
669.64 3.01635
675.6 3.02974
681.56 3.04308
687.52 3.05635
693.48 3.06957
699.44 3.08273
705.4 3.09584
711.36 3.10889
717.32 3.12189
723.28 3.13483
729.24 3.14772
735.2 3.16056
741.16 3.17334
747.12 3.18607
753.08 3.19876
759.04 3.21139
765 3.22397
770.96 3.23651
776.92 3.24899
782.88 3.26143
788.84 3.27382
794.8 3.28617
800.76 3.29847
806.72 3.31072
812.68 3.32292
818.64 3.33509
824.6 3.34721
830.56 3.35928
836.52 3.37131
842.48 3.3833
848.44 3.39525
854.4 3.40715
860.36 3.41901
866.32 3.43084
872.28 3.44262
878.24 3.45436
884.2 3.46606
890.16 3.47772
896.12 3.48934
902.08 3.50093
908.04 3.51247
914 3.52398
919.96 3.53545
925.92 3.54689
931.88 3.55828
937.84 3.56965
943.8 3.58097
949.76 3.59226
955.72 3.60351
961.68 3.61473
967.64 3.62592
973.6 3.63706
979.56 3.64818
985.52 3.65926
991.48 3.67031
997.44 3.68132
1003.4 3.69231
1009.36 3.70326
1015.32 3.71417
1021.28 3.72506
1027.24 3.73591
1033.2 3.74673
1039.16 3.75753
1045.12 3.76829
1051.08 3.77901
1057.04 3.78971
1063 3.80038
1068.96 3.81102
1074.92 3.82163
1080.88 3.83221
1086.84 3.84276
1092.8 3.85328
1098.76 3.86378
1104.72 3.87424
1110.68 3.88468
1116.64 3.89509
1122.6 3.90547
1128.56 3.91582
1134.52 3.92615
1140.48 3.93645
1146.44 3.94672
1152.4 3.95697
1158.36 3.96719
1164.32 3.97738
1170.28 3.98755
1176.24 3.99769
1182.2 4.0078
1188.16 4.01789
1194.12 4.02796
1200.08 4.038
1206.04 4.04801
1212 4.058
1217.96 4.06797
1223.92 4.07791
1229.88 4.08782
1235.84 4.09772
1241.8 4.10758
1247.76 4.11743
1253.72 4.12725
1259.68 4.13705
1265.64 4.14683
1271.6 4.15658
1277.56 4.16631
1283.52 4.17601
1289.48 4.1857
1295.44 4.19536
1301.4 4.205
1307.36 4.21462
1313.32 4.22421
1319.28 4.23379
1325.24 4.24334
1331.2 4.25287
1337.16 4.26238
1343.12 4.27187
1349.08 4.28134
1355.04 4.29079
1361 4.30021
1366.96 4.30962
1372.92 4.319
1378.88 4.32837
1384.84 4.33771
1390.8 4.34703
1396.76 4.35634
1402.72 4.36562
1408.68 4.37489
1414.64 4.38413
1420.6 4.39336
1426.56 4.40256
1432.52 4.41175
1438.48 4.42092
1444.44 4.43007
1450.4 4.4392
1456.36 4.44831
1462.32 4.4574
1468.28 4.46648
1474.24 4.47553
1480.2 4.48457
1486.16 4.49359
1492.12 4.50259
1498.08 4.51158
1504.04 4.52054
1510 4.52949
1515.96 4.53842
1521.92 4.54733
1527.88 4.55623
1533.84 4.5651
1539.8 4.57397
1545.76 4.58281
1551.72 4.59164
1557.68 4.60044
1563.64 4.60924
1569.6 4.61801
1575.56 4.62677
1581.52 4.63552
1587.48 4.64424
1593.44 4.65295
1599.4 4.66165
1605.36 4.67032
1611.32 4.67898
1617.28 4.68763
1623.24 4.69626
1629.2 4.70487
1635.16 4.71347
1641.12 4.72205
1647.08 4.73062
1653.04 4.73917
1659 4.74771
1664.96 4.75623
1670.92 4.76473
1676.88 4.77322
1682.84 4.7817
1688.8 4.79016
1694.76 4.7986
1700.72 4.80703
1706.68 4.81545
1712.64 4.82385
1718.6 4.83224
1724.56 4.84061
1730.52 4.84896
1736.48 4.85731
1742.44 4.86564
1748.4 4.87395
1754.36 4.88225
1760.32 4.89054
1766.28 4.89881
1772.24 4.90707
1778.2 4.91531
1784.16 4.92354
1790.12 4.93176
1796.08 4.93996
1802.04 4.94815
1808 4.95633
1813.96 4.96449
1819.92 4.97264
1825.88 4.98077
1831.84 4.9889
1837.8 4.99701
1843.76 5.0051
1849.72 5.01318
1855.68 5.02125
1861.64 5.02931
1867.6 5.03736
1873.56 5.04539
1879.52 5.05341
1885.48 5.06141
1891.44 5.06941
1897.4 5.07739
1903.36 5.08535
1909.32 5.09331
1915.28 5.10125
1921.24 5.10918
1927.2 5.1171
1933.16 5.12501
1939.12 5.1329
1945.08 5.14079
1951.04 5.14866
1957 5.15651
1962.96 5.16436
1968.92 5.17219
1974.88 5.18002
1980.84 5.18783
1986.8 5.19562
1992.76 5.20341
1998.72 5.21119
2004.68 5.21895
2010.64 5.2267
2016.6 5.23444
2022.56 5.24217
2028.52 5.24989
2034.48 5.2576
2040.44 5.26529
2046.4 5.27298
2052.36 5.28065
2058.32 5.28831
2064.28 5.29596
2070.24 5.3036
2076.2 5.31123
2082.16 5.31885
2088.12 5.32646
2094.08 5.33405
2100.04 5.34164
2106 5.34921
2111.96 5.35678
2117.92 5.36433
2123.88 5.37187
2129.84 5.3794
2135.8 5.38693
2141.76 5.39444
2147.72 5.40194
2153.68 5.40943
2159.64 5.41691
2165.6 5.42438
2171.56 5.43184
2177.52 5.43928
2183.48 5.44672
2189.44 5.45415
2195.4 5.46157
2201.36 5.46898
2207.32 5.47638
2213.28 5.48377
2219.24 5.49114
2225.2 5.49851
2231.16 5.50587
2237.12 5.51322
2243.08 5.52056
2249.04 5.52789
2255 5.53521
2260.96 5.54252
2266.92 5.54982
2272.88 5.55711
2278.84 5.56439
2284.8 5.57166
2290.76 5.57892
2296.72 5.58618
2302.68 5.59342
2308.64 5.60066
2314.6 5.60788
2320.56 5.6151
2326.52 5.6223
2332.48 5.6295
2338.44 5.63669
2344.4 5.64386
2350.36 5.65103
2356.32 5.65819
2362.28 5.66535
2368.24 5.67249
2374.2 5.67962
2380.16 5.68675
2386.12 5.69386
2392.08 5.70097
2398.04 5.70807
2404 5.71515
2409.96 5.72223
2415.92 5.72931
2421.88 5.73637
2427.84 5.74342
2433.8 5.75047
2439.76 5.7575
2445.72 5.76453
2451.68 5.77155
2457.64 5.77856
2463.6 5.78557
2469.56 5.79256
2475.52 5.79955
2481.48 5.80652
2487.44 5.81349
2493.4 5.82045
2499.36 5.8274
2505.32 5.83435
2511.28 5.84128
2517.24 5.84821
2523.2 5.85513
2529.16 5.86204
2535.12 5.86894
2541.08 5.87584
2547.04 5.88273
2553 5.8896
2558.96 5.89648
2564.92 5.90334
2570.88 5.91019
2576.84 5.91704
2582.8 5.92388
2588.76 5.93071
2594.72 5.93753
2600.68 5.94435
2606.64 5.95115
2612.6 5.95795
2618.56 5.96475
2624.52 5.97153
2630.48 5.97831
2636.44 5.98508
2642.4 5.99184
2648.36 5.99859
2654.32 6.00534
2660.28 6.01208
2666.24 6.01881
2672.2 6.02553
2678.16 6.03225
2684.12 6.03895
2690.08 6.04565
2696.04 6.05235
2702 6.05903
2707.96 6.06571
2713.92 6.07238
2719.88 6.07905
2725.84 6.08571
2731.8 6.09235
2737.76 6.099
2743.72 6.10563
2749.68 6.11226
2755.64 6.11888
2761.6 6.12549
2767.56 6.1321
2773.52 6.1387
2779.48 6.14529
2785.44 6.15188
2791.4 6.15845
2797.36 6.16503
2803.32 6.17159
2809.28 6.17815
2815.24 6.1847
2821.2 6.19124
2827.16 6.19778
2833.12 6.20431
2839.08 6.21083
2845.04 6.21734
2851 6.22385
2856.96 6.23036
2862.92 6.23685
2868.88 6.24334
2874.84 6.24982
2880.8 6.2563
2886.76 6.26276
2892.72 6.26923
2898.68 6.27568
2904.64 6.28213
2910.6 6.28857
2916.56 6.29501
2922.52 6.30144
2928.48 6.30786
2934.44 6.31427
2940.4 6.32068
2946.36 6.32708
2952.32 6.33348
2958.28 6.33987
2964.24 6.34625
2970.2 6.35263
2976.16 6.359
2982.12 6.36536
2988.08 6.37172
2994.04 6.37807
