20 1.86339
25.96 2.12295
31.92 2.35407
37.88 2.56444
43.84 2.75882
49.8 2.94038
55.76 3.11136
61.72 3.27342
67.68 3.42782
73.64 3.57557
79.6 3.71745
85.56 3.85411
91.52 3.98608
97.48 4.11383
103.44 4.23772
109.4 4.3581
115.36 4.47524
121.32 4.58939
127.28 4.70076
133.24 4.80956
139.2 4.91596
145.16 5.02009
151.12 5.12212
157.08 5.22214
163.04 5.32029
169 5.41666
174.96 5.51135
180.92 5.60443
186.88 5.696
192.84 5.78611
198.8 5.87485
204.76 5.96226
210.72 6.04841
216.68 6.13335
222.64 6.21713
228.6 6.2998
234.56 6.38139
240.52 6.46196
246.48 6.54153
252.44 6.62014
258.4 6.69784
264.36 6.77464
270.32 6.85058
276.28 6.92569
282.24 6.99999
288.2 7.07352
294.16 7.14628
300.12 7.21832
306.08 7.28964
312.04 7.36027
318 7.43022
323.96 7.49953
329.92 7.5682
335.88 7.63626
341.84 7.70371
347.8 7.77058
353.76 7.83687
359.72 7.90261
365.68 7.96781
371.64 8.03248
377.6 8.09663
383.56 8.16028
389.52 8.22343
395.48 8.28611
401.44 8.34831
407.4 8.41006
413.36 8.47135
419.32 8.5322
425.28 8.59263
431.24 8.65263
437.2 8.71221
443.16 8.77139
449.12 8.83018
455.08 8.88858
461.04 8.94659
467 9.00424
472.96 9.06151
478.92 9.11843
484.88 9.17499
490.84 9.2312
496.8 9.28708
502.76 9.34262
508.72 9.39783
514.68 9.45273
520.64 9.5073
526.6 9.56156
532.56 9.61552
538.52 9.66917
544.48 9.72253
550.44 9.7756
556.4 9.82838
562.36 9.88088
568.32 9.9331
574.28 9.98505
580.24 10.0367
586.2 10.0881
592.16 10.1393
598.12 10.1902
604.08 10.2408
610.04 10.2912
616 10.3414
621.96 10.3913
627.92 10.441
633.88 10.4904
639.84 10.5396
645.8 10.5886
651.76 10.6373
657.72 10.6858
663.68 10.7342
669.64 10.7822
675.6 10.8301
681.56 10.8778
687.52 10.9252
693.48 10.9725
699.44 11.0195
705.4 11.0664
711.36 11.113
717.32 11.1595
723.28 11.2058
729.24 11.2518
735.2 11.2977
741.16 11.3434
747.12 11.3889
753.08 11.4343
759.04 11.4794
765 11.5244
770.96 11.5692
776.92 11.6139
782.88 11.6583
788.84 11.7026
794.8 11.7467
800.76 11.7907
806.72 11.8345
812.68 11.8781
818.64 11.9216
824.6 11.9649
830.56 12.0081
836.52 12.0511
842.48 12.094
848.44 12.1367
854.4 12.1792
860.36 12.2216
866.32 12.2639
872.28 12.306
878.24 12.348
884.2 12.3898
890.16 12.4315
896.12 12.473
902.08 12.5144
908.04 12.5557
914 12.5968
919.96 12.6378
925.92 12.6787
931.88 12.7195
937.84 12.7601
943.8 12.8005
949.76 12.8409
955.72 12.8811
961.68 12.9212
967.64 12.9612
973.6 13.0011
979.56 13.0408
985.52 13.0804
991.48 13.1199
997.44 13.1593
1003.4 13.1985
1009.36 13.2377
1015.32 13.2767
1021.28 13.3156
1027.24 13.3544
1033.2 13.3931
1039.16 13.4317
1045.12 13.4701
1051.08 13.5085
1057.04 13.5467
1063 13.5849
1068.96 13.6229
1074.92 13.6608
1080.88 13.6986
1086.84 13.7363
1092.8 13.774
1098.76 13.8115
1104.72 13.8489
1110.68 13.8862
1116.64 13.9234
1122.6 13.9605
1128.56 13.9975
1134.52 14.0344
1140.48 14.0712
1146.44 14.108
1152.4 14.1446
1158.36 14.1811
1164.32 14.2175
1170.28 14.2539
1176.24 14.2901
1182.2 14.3263
1188.16 14.3624
1194.12 14.3983
1200.08 14.4342
1206.04 14.47
1212 14.5057
1217.96 14.5414
1223.92 14.5769
1229.88 14.6123
1235.84 14.6477
1241.8 14.683
1247.76 14.7182
1253.72 14.7533
1259.68 14.7883
1265.64 14.8233
1271.6 14.8581
1277.56 14.8929
1283.52 14.9276
1289.48 14.9622
1295.44 14.9967
1301.4 15.0312
1307.36 15.0656
1313.32 15.0999
1319.28 15.1341
1325.24 15.1683
1331.2 15.2023
1337.16 15.2363
1343.12 15.2702
1349.08 15.3041
1355.04 15.3378
1361 15.3715
1366.96 15.4052
1372.92 15.4387
1378.88 15.4722
1384.84 15.5056
1390.8 15.5389
1396.76 15.5722
1402.72 15.6054
1408.68 15.6385
1414.64 15.6715
1420.6 15.7045
1426.56 15.7374
1432.52 15.7703
1438.48 15.803
1444.44 15.8357
1450.4 15.8684
1456.36 15.9009
1462.32 15.9334
1468.28 15.9659
1474.24 15.9982
1480.2 16.0306
1486.16 16.0628
1492.12 16.095
1498.08 16.1271
1504.04 16.1591
1510 16.1911
1515.96 16.223
1521.92 16.2549
1527.88 16.2867
1533.84 16.3184
1539.8 16.3501
1545.76 16.3817
1551.72 16.4133
1557.68 16.4448
1563.64 16.4762
1569.6 16.5076
1575.56 16.5389
1581.52 16.5701
1587.48 16.6013
1593.44 16.6325
1599.4 16.6635
1605.36 16.6945
1611.32 16.7255
1617.28 16.7564
1623.24 16.7873
1629.2 16.818
1635.16 16.8488
1641.12 16.8795
1647.08 16.9101
1653.04 16.9406
1659 16.9712
1664.96 17.0016
1670.92 17.032
1676.88 17.0624
1682.84 17.0927
1688.8 17.1229
1694.76 17.1531
1700.72 17.1832
1706.68 17.2133
1712.64 17.2433
1718.6 17.2733
1724.56 17.3032
1730.52 17.3331
1736.48 17.3629
1742.44 17.3927
1748.4 17.4224
1754.36 17.4521
1760.32 17.4817
1766.28 17.5113
1772.24 17.5408
1778.2 17.5703
1784.16 17.5997
1790.12 17.6291
1796.08 17.6584
1802.04 17.6877
1808 17.7169
1813.96 17.7461
1819.92 17.7752
1825.88 17.8043
1831.84 17.8333
1837.8 17.8623
1843.76 17.8912
1849.72 17.9201
1855.68 17.949
1861.64 17.9778
1867.6 18.0065
1873.56 18.0353
1879.52 18.0639
1885.48 18.0925
1891.44 18.1211
1897.4 18.1496
1903.36 18.1781
1909.32 18.2066
1915.28 18.2349
1921.24 18.2633
1927.2 18.2916
1933.16 18.3199
1939.12 18.3481
1945.08 18.3763
1951.04 18.4044
1957 18.4325
1962.96 18.4605
1968.92 18.4885
1974.88 18.5165
1980.84 18.5444
1986.8 18.5723
1992.76 18.6001
1998.72 18.6279
2004.68 18.6557
2010.64 18.6834
2016.6 18.7111
2022.56 18.7387
2028.52 18.7663
2034.48 18.7938
2040.44 18.8213
2046.4 18.8488
2052.36 18.8762
2058.32 18.9036
2064.28 18.931
2070.24 18.9583
2076.2 18.9855
2082.16 19.0128
2088.12 19.04
2094.08 19.0671
2100.04 19.0942
2106 19.1213
2111.96 19.1483
2117.92 19.1753
2123.88 19.2023
2129.84 19.2292
2135.8 19.2561
2141.76 19.283
2147.72 19.3098
2153.68 19.3365
2159.64 19.3633
2165.6 19.39
2171.56 19.4166
2177.52 19.4433
2183.48 19.4699
2189.44 19.4964
2195.4 19.5229
2201.36 19.5494
2207.32 19.5759
2213.28 19.6023
2219.24 19.6287
2225.2 19.655
2231.16 19.6813
2237.12 19.7076
2243.08 19.7338
2249.04 19.76
2255 19.7862
2260.96 19.8123
2266.92 19.8384
2272.88 19.8645
2278.84 19.8905
2284.8 19.9165
2290.76 19.9424
2296.72 19.9684
2302.68 19.9943
2308.64 20.0201
2314.6 20.0459
2320.56 20.0717
2326.52 20.0975
2332.48 20.1232
2338.44 20.1489
2344.4 20.1746
2350.36 20.2002
2356.32 20.2258
2362.28 20.2514
2368.24 20.2769
2374.2 20.3024
2380.16 20.3279
2386.12 20.3533
2392.08 20.3787
2398.04 20.4041
2404 20.4294
2409.96 20.4547
2415.92 20.48
2421.88 20.5052
2427.84 20.5304
2433.8 20.5556
2439.76 20.5808
2445.72 20.6059
2451.68 20.631
2457.64 20.6561
2463.6 20.6811
2469.56 20.7061
2475.52 20.7311
2481.48 20.756
2487.44 20.7809
2493.4 20.8058
2499.36 20.8306
2505.32 20.8555
2511.28 20.8803
2517.24 20.905
2523.2 20.9298
2529.16 20.9545
2535.12 20.9791
2541.08 21.0038
2547.04 21.0284
2553 21.053
2558.96 21.0776
2564.92 21.1021
2570.88 21.1266
2576.84 21.1511
2582.8 21.1755
2588.76 21.1999
2594.72 21.2243
2600.68 21.2487
2606.64 21.273
2612.6 21.2973
2618.56 21.3216
2624.52 21.3458
2630.48 21.3701
2636.44 21.3943
2642.4 21.4184
2648.36 21.4426
2654.32 21.4667
2660.28 21.4908
2666.24 21.5148
2672.2 21.5389
2678.16 21.5629
2684.12 21.5869
2690.08 21.6108
2696.04 21.6347
2702 21.6586
2707.96 21.6825
2713.92 21.7064
2719.88 21.7302
2725.84 21.754
2731.8 21.7777
2737.76 21.8015
2743.72 21.8252
2749.68 21.8489
2755.64 21.8726
2761.6 21.8962
2767.56 21.9198
2773.52 21.9434
2779.48 21.967
2785.44 21.9905
2791.4 22.014
2797.36 22.0375
2803.32 22.061
2809.28 22.0844
2815.24 22.1078
2821.2 22.1312
2827.16 22.1546
2833.12 22.1779
2839.08 22.2012
2845.04 22.2245
2851 22.2478
2856.96 22.271
2862.92 22.2943
2868.88 22.3175
2874.84 22.3406
2880.8 22.3638
2886.76 22.3869
2892.72 22.41
2898.68 22.4331
2904.64 22.4561
2910.6 22.4791
2916.56 22.5021
2922.52 22.5251
2928.48 22.5481
2934.44 22.571
2940.4 22.5939
2946.36 22.6168
2952.32 22.6397
2958.28 22.6625
2964.24 22.6853
2970.2 22.7081
2976.16 22.7309
2982.12 22.7536
2988.08 22.7764
2994.04 22.7991
