100
0.534181 -3.36268 0
0.415954 -4.49429 0
0.423596 -2.78584 0
-0.989032 -0.8561 0
-0.242688 -1.14662 0
-1.57075 -2.29854 0
-0.855333 -1.5503 0
2.20833 -3.20661 0
-1.19078 -3.88605 0
0.96426 -1.33335 0
0.609624 -2.46048 0
1.32036 -0.98246 0
0.559765 -1.68048 0
0.188198 -2.32325 0
-2.11021 -2.69498 0
-0.567541 -3.00872 0
-0.858789 -3.52931 0
-2.45245 -2.4242 0
-0.513758 -0.645929 0
-1.82174 -1.20356 0
-0.184794 -1.65325 0
0.822706 -4.69111 0
2.16888 -1.50661 0
-0.21424 -2.55844 0
0.594322 -0.958818 0
0.679105 -3.08327 0
0.180182 -0.0807312 0
1.75429 -3.76088 0
-1.35814 -1.16852 0
-1.67953 -2.65569 0
-2.17295 -1.62527 0
1.64985 -3.28927 0
-0.159379 -2.91039 0
1.43001 -2.92432 0
-1.19172 -4.33249 0
-0.923192 -4.62809 0
-0.541263 -2.46334 0
0.17399 -3.27913 0
0.266587 -1.87915 0
-0.98549 -2.88806 0
1.10719 -0.520882 0
2.34832 -2.74881 0
-0.387068 -3.40911 0
-0.160525 -1.95952 0
0.966069 -0.910437 0
1.24494 -2.09664 0
-2.00769 -2.0267 0
-1.70769 -3.37064 0
0.125377 -2.65574 0
-1.87507 -2.8907 0
-0.837598 -0.163882 0
-1.96039 -3.55278 0
-0.0218413 -4.10981 0
1.84027 -2.10667 0
1.16622 -4.54586 0
1.46648 -4.02182 0
1.86109 -2.76497 0
2.03817 -3.93907 0
1.42703 -1.80548 0
0.270694 -0.902694 0
1.0688 -2.91311 0
-1.50578 -1.61959 0
-0.739965 -3.95172 0
-1.22491 -3.52493 0
-0.145901 -0.31419 0
-1.32632 -3.21677 0
0.374564 -3.85422 0
0.819137 -3.45723 0
0.961001 -4.07742 0
-1.06492 -0.42682 0
1.31721 -3.37676 0
-0.844921 -2.50229 0
1.2722 -1.49933 0
-0.476176 -1.97333 0
0.290928 -1.36337 0
0.783158 -1.95744 0
-0.529787 -0.952053 0
0.214628 -0.440446 0
-1.38221 -0.791021 0
-1.48265 -4.02385 0
-2.19602 -3.27217 0
0.54783 -4.14323 0
-0.440154 -3.88656 0
-0.163082 -4.87026 0
-1.38269 -4.61948 0
1.17057 -3.72318 0
-0.0884194 -3.68762 0
0.17722 -4.94771 0
-0.499388 -1.63919 0
2.32681 -2.39034 0
-1.56286 -3.68016 0
-2.0005 -2.36848 0
-1.56054 -0.547 0
0.173852 -2.96736 0
-0.0878674 -0.800624 0
1.22878 -2.48393 0
2.02479 -1.18655 0
1.63376 -1.39163 0
-1.05539 -2.22737 0
1.67179 -1.05932 0
