130 3
50.37  35.59  17.63
47.89  42.28  19.36
27.85  33.37  19.36
49.38  34.60  19.86
25.87  39.31  19.86
28.34  29.16  20.60
34.53  23.22  23.82
24.38  45.49  24.56
30.82  52.18  25.80
31.31  52.18  25.55
49.63  43.51  25.55
27.85  30.15  25.55
46.41  22.48  25.55
24.13  45.74  25.80
45.91  51.93  26.05
51.36  37.08  26.05
48.14  25.45  26.54
31.31  52.18  27.04
31.06  27.67  27.28
38.98  54.65  27.28
49.87  46.48  28.03
51.36  40.30  28.27
34.03  52.67  28.52
45.42  24.21  28.77
39.73  53.66  29.02
34.78  52.92  29.76
49.63  48.71  30.00
23.89  40.05  30.00
50.62  38.81  30.25
37.75  24.21  30.75
41.71  53.91  30.75
43.69  23.96  31.49
28.34  30.40  31.49
42.95  53.66  32.48
24.38  40.05  32.73
33.54  53.41  32.73
50.37  45.00  32.73
28.59  51.68  32.73
39.23  24.95  33.47
45.17  52.42  33.47
30.82  53.17  33.72
44.18  24.70  33.72
30.57  28.66  33.97
28.59  52.67  34.46
38.49  54.40  34.46
46.91  51.68  34.95
31.81  53.66  35.20
23.89  45.74  35.45
26.61  51.19  35.45
49.87  47.72  36.19
29.58  53.41  36.19
24.63  41.78  36.44
47.65  50.94  36.69
39.23  24.95  36.69
24.88  40.05  37.18
31.31  29.41  37.18
48.64  50.69  37.43
27.85  34.11  37.93
45.17  27.43  37.93
38.24  54.40  38.42
24.38  43.76  38.67
43.69  53.17  38.67
47.40  30.15  38.91
25.87  38.56  39.16
41.96  53.91  39.16
45.67  29.16  39.66
36.26  54.90  40.15
34.53  28.42  40.15
37.01  27.92  41.14
26.36  39.31  41.14
30.32  54.16  41.64
46.16  30.89  41.64
36.26  29.16  42.38
26.61  45.49  42.38
49.63  48.71  42.38
34.28  54.65  43.37
32.30  32.38  43.87
31.31  34.36  44.11
27.35  46.48  44.11
28.10  49.95  44.36
28.34  39.31  44.36
28.34  48.46  44.61
46.66  51.19  44.86
46.16  32.87  44.86
45.17  52.18  45.10
36.76  30.64  45.60
37.01  55.39  45.84
30.07  37.57  46.09
29.83  39.06  46.09
36.26  31.63  46.34
28.59  47.23  46.34
28.10  45.25  46.59
44.43  33.37  47.08
36.26  54.90  47.33
32.80  34.36  47.58
46.41  35.10  47.58
31.06  50.94  47.83
32.80  53.41  47.83
37.99  55.15  48.07
38.98  54.16  48.07
36.76  32.62  48.07
43.19  52.42  48.07
45.67  35.35  48.82
34.53  34.11  48.82
30.32  41.53  49.31
48.88  48.22  49.81
30.32  47.23  50.05
31.81  47.72  50.05
32.05  49.21  50.05
46.16  37.57  50.30
46.16  50.69  50.55
41.46  52.92  50.80
35.27  34.60  51.29
42.70  51.19  51.54
46.66  49.95  51.54
31.56  41.04  51.78
46.66  39.55  52.28
40.72  52.92  52.28
32.80  39.31  52.53
45.67  37.33  52.53
34.28  36.58  53.02
32.05  46.24  53.02
47.65  41.29  53.52
32.80  40.30  53.77
32.30  43.02  54.01
46.66  42.77  55.00
44.43  49.95  55.00
34.28  40.54  55.50
33.79  42.28  55.75
35.27  39.80  56.49
