55.6123
75.0881
64.6152
55.2122
27.4214
62.047
63.8285
62.4493
63.3518
27.0693
16.6685
44.1319
53.3309
42.1607
47.9014
55.5583
49.9592
58.2444
64.8449
61.2799
74.051
63.2366
63.6097
40.1331
65.1647
58.0454
49.8192
72.6514
59.3164
75.0274
56.3475
57.4498
61.9693
38.6968
67.4782
79.8972
67.5134
56.9187
50.3285
48.0837
41.5784
70.2066
69.394
61.9142
34.3015
62.3949
54.4224
73.7576
49.5333
42.6462
54.0172
43.8803
60.0559
56.8523
55.4747
42.6374
53.9924
46.5436
48.7381
54.0059
47.2887
53.5061
54.2718
46.2843
64.4485
63.8782
60.0927
42.6083
56.1048
52.0368
28.1605
68.0701
67.3559
90
52.8819
40.2792
53.3093
63.8607
53.5207
64.7114
60.4069
65.1514
64.6079
44.9919
56.3526
43.8806
55.9199
55.4303
64.936
63.2446
64.2413
48.8978
50.1338
57.8432
53.2899
60.0931
45.9086
41.6816
44.5553
55.5761
58.047
53.3992
54.9727
50.8531
64.4965
62.8616
72.5094
62.5311
59.1695
64.8392
51.2716
59.1592
64.1473
56.1302
37.4752
66.0278
55.8575
59.2854
61.943
45.7878
61.4309
4.77734
61.5188
71.0919
64.2664
44.4366
60.946
63.5195
57.2273
54.2475
62.1745
45.0921
51.1112
63.8578
62.2722
52.8264
62.1794
62.754
58.8513
55.0824
62.0335
64.7157
63.2128
62.0465
62.4712
38.1128
48.3764
63.89
54.9736
51.323
61.7269
44.9529
56.5081
64.1754
56.6747
59.8491
64.331
34.9809
57.2117
63.1579
59.815
62.4431
40.0451
32.1893
57.3796
30.8741
61.281
57.3964
61.9291
57.2405
39.1817
65.245
60.4673
28.4614
55.6926
59.2374
50.3324
75.4756
61.0899
52.5609
47.5073
45.1919
63.8887
63.2636
63.8212
50.7784
61.0043
68.8415
49.9055
62.9775
50.102
62.3727
58.889
37.9521
63.2358
63.7778
63.6431
44.6274
63.6319
52.765
59.4999
63.9432
61.7619
58.6851
20.9141
62.1413
61.3009
64.1073
60.1611
64.3526
49.9047
