0.780707
2.66508
2.97502
3.38646
1.20597
1.07935
3.68616
0.801499
2.36231
0.853473
2.51699
1.05796
1.18605
1.53824
3.10429
1.59485
1.7118
1.18912
1.52626
1.52806
1.11638
4.24972
0.641
1.21113
1.25034
0.79967
0.180924
1.14247
0.178334
2.42049
1.46895
5.53432
3.60834
1.24572
3.54622
6.42762
3.71397
0.763499
3.50072
4.13553
0.856925
2.43292
0.948537
3.51397
1.56338
1.1317
1.00564
0.557032
3.30364
2.96256
2.05214
3.51766
0.6123
0.966617
3.10815
2.48695
0.993577
4.8682
1.71198
3.28037
1.79204
0.549388
1.08861
1.76679
0.667286
1.26318
1.16333
1.76688
1.7559
3.21845
5.25106
1.7317
2.4833
1.04986
0.825609
2.60991
2.00193
2.30851
6.92904
1.09493
2.71537
1.51189
3.82248
1.72792
4.98528
0.69876
1.08872
0.378307
1.90793
1.2503
2.92403
2.53233
0.388684
2.51233
0.128256
1.92498
1.84383
0.91636
0.391218
0.562219
2.47648
6.48798
1.49103
3.26297
0.740161
0.858941
4.05213
2.9109
0.850801
2.10591
5.12192
0.931595
2.79215
0.280559
1.96653
2.68521
0.495319
2.88868
1.77264
2.90852
1.31471
2.89385
0.354053
3.0726
2.89976
1.35049
2.10361
1.81934
0.900371
3.01323
3.23031
1.612
2.19192
1.21904
1.48293
3.67061
0.349533
2.20476
0.539504
2.92371
0.453565
3.66447
2.21897
1.46833
2.41874
3.238
0.303582
3.26422
0.797322
2.58487
1.71038
2.72447
0.344536
0
3.00489
1.98152
0.531316
2.11684
0.278299
2.5791
2.27049
2.46927
0.834245
1.11587
2.11996
2.11013
0.611679
2.00713
2.53803
1.78268
4.2427
0.475339
3.06018
2.46841
0.96722
1.31161
0.154863
2.07669
0.542727
1.17085
1.77864
1.25331
0.338648
0.473985
0.773304
2.03208
0.172927
0.341174
0.214278
2.86265
0.209101
1.02102
1.33056
1.04559
0.838208
1.75964
1.38979
3.02085
0.592454
4.47225
0.331053
0.815348
0.866715
1.1228
0.954453
1.50943
0.574951
1.0573
0.706817
1.50108
0.538482
1.41754
0.160915
1.4652
0.531286
1.03098
1.8374
1.46174
3.09571
2.72355
1.75906
0.941041
0.525775
1.46159
0.587232
1.51621
0.21701
0.82231
4.70576
2.34033
1.09636
1.39408
1.54703
0.918172
2.7291
2.86583
0.286704
0.502808
0.577754
1.06928
0.353414
1.07582
1.48333
0.38466
1.34745
0.680303
1.61894
0.869915
0.224775
2.92809
0.433494
0.422454
0.212865
0.465863
1.53745
1.74579
0.598954
0.332321
0.657059
0.531437
0.251036
0.910065
2.18179
0.29075
0.847445
2.33882
0.97493
0.2358
0.370674
0.995292
0.520999
1.48275
0.894258
2.85227
2.49329
2.40112
0.203681
2.08462
0.86494
3.53198
2.59056
0.459083
0.83295
3.15879
0.921618
2.58773
1.3237
3.00731
0.977606
2.60515
1.8091
0.183509
0.144582
2.68563
0.296644
1.79279
0.281323
2.35028
0.23932
1.95201
1.5615
1.50241
2.26683
0.591825
0.269679
1.77436
0.958685
3.21791
0.507645
2.50759
1.07311
2.01153
0.247713
1.75116
0.573288
1.6949
0.507264
1.6223
0.82035
1.75283
0.112386
1.52747
2.17565
1.35759
1.08137
1.76482
0.362798
1.58389
0.172005
1.76784
1.35001
8.22624
0.929562
1.21458
3.90196
1.2459
1.33741
0.632031
3.47123
2.80465
1.78378
2.54505
1.43607
1.39741
0.949062
0.352457
0.452755
0.447647
1.17554
1.07847
0.984575
0.238601
0.250298
0.153472
2.10334
2.02406
0.6308
0.577078
2.23272
0.709239
1.20549
1.39466
0.641948
0.176056
1.43103
0.539157
0.26266
0.854843
4.00201
0.800771
3.91682
0.277552
3.27949
1.54857
2.96572
1.02928
3.02035
1.29909
1.46297
2.59386
1.91909
2.05864
1.3103
1.83172
1.3068
0.880141
2.24164
1.12512
0.694318
0.963009
1.21111
0.467114
1.52688
1.43839
2.0855
0.301327
1.2493
1.37989
1.32719
0.729687
1.26618
2.67404
1.15654
1.30675
1.45845
1.26378
1.3138
0.560198
1.2928
1.43831
1.02796
1.06352
1.2672
1.66749
1.22305
0.274093
1.28216
1.13974
1.16031
4.93374
0.473927
0.643641
1.3703
1.32204
0.676352
0.649226
1.07504
0.626945
2.16718
