9954.2
9716.01
1392.05
1320.8
2420.49
799.67
5755.93
22614.9
9795.57
4129.96
2357.97
3264.22
5893.56
3305.22
3007.31
5338.97
1122.8
475.339
17626.8
15767.5
7868.04
1502.66
822.31
3994.22
2587.73
3670.61
4689.17
5449.82
9653.65
2753.85
12543.2
1394.08
5170.13
680.303
8621.53
536.002
2084.62
8663.63
1357.59
2223.68
2377.81
2804.4
295.896
1527.47
3313.75
380.382
2685.63
1288.69
716.899
910.065
3670.15
10737.7
2640.59
3768.81
1594.28
906.755
2729.1
2865.83
799.452
1792.79
1035.37
531.437
8999
2110.13
2248.92
1482.75
1745.79
1752.83
6460.01
2579.1
3975.22
1764.82
538.463
1751.16
2202.16
1622.3
1727.55
2928.09
422.454
1944.12
2852.27
918.172
1516.21
941.041
3349.28
1461.74
5122.89
740.406
2350.28
1080.67
1030.98
6224.88
1461.59
5952.58
8469.52
8496.12
3664.47
5039.06
6568.33
2469.27
3757.08
2052.36
1774.36
3558.71
2599.2
384.66
869.915
2340.33
3531.98
3217.91
8767.08
3020.85
7581.79
1509.43
1057.3
1501.08
2357.82
1578.45
1465.2
815.348
1759.64
4221.61
2507.59
3645.25
550.275
1021.02
2862.65
3535.31
1284.91
1952.01
1253.31
7290.37
1311.61
3011.14
1509.49
1247.29
2032.08
1745.86
3116.19
3189.95
2011.53
11304.3
17641.3
11980.8
2085.5
3165.43
1526.88
4638.71
3181.19
4064.67
1177.95
3872.5
403.77
2680.42
2232.72
2677.27
1211.11
1266.18
1327.19
3279.49
6639.37
6011.97
3454.99
4002.01
1202.15
1292.8
2601.19
4694.48
4397.89
3117.39
1970.19
262.66
1075.04
9832.69
3916.82
473.927
2167.18
3294.45
1282.16
1267.2
676.352
1919.09
1027.96
2965.72
1160.31
1370.3
2241.64
1608.12
1249.3
1156.54
1458.45
1223.05
1160.5
2076.69
6894.63
2605.15
1502.41
452.564
1767.84
2401.12
856.925
4385.68
5190.53
954.623
1583.89
3158.79
1711.8
3535.53
2362.31
1116.38
3686.16
1526.26
