200
0.93477 -2.51201 0
1.58524 -5.18962 0
0.561001 -1.21977 0
-0.896446 -5.14349 0
-0.868252 -3.66339 0
-0.101153 -4.27272 0
-0.492407 -3.45424 0
2.83977 -5.54135 0
0.690473 -4.82573 0
-1.5121 -3.83793 0
-0.800829 -1.44343 0
-2.02664 -5.07568 0
-0.958696 -2.55067 0
-0.279557 -0.684605 0
0.0772288 -5.70223 0
0.236764 -1.9979 0
0.511479 -3.52625 0
-1.13008 -5.11903 0
0.146528 -5.23042 0
-0.538886 -2.33397 0
-2.80951 -5.80795 0
0.015919 -0.584634 0
-1.42777 -4.2753 0
0.942223 -2.17589 0
-0.059973 -0.122152 0
2.36437 -5.27758 0
-0.67329 -5.12273 0
0.0595682 -4.53758 0
2.13625 -4.4095 0
-1.12416 -4.8917 0
0.351449 -2.38037 0
0.220479 -1.10623 0
-1.7002 -5.82861 0
-0.728299 -4.60955 0
1.84029 -3.55209 0
0.956967 -5.75672 0
-0.58782 -5.50601 0
-0.0268931 -1.46654 0
-2.15955 -5.58487 0
0.432132 -2.90365 0
0.616504 -1.99652 0
-0.603389 -1.77773 0
0.167214 -2.82567 0
-2.08996 -5.7976 0
3.08895 -5.55315 0
0.499883 -2.55579 0
0.647891 -2.42029 0
-0.337622 -1.54196 0
0.146774 -1.65457 0
-1.77154 -4.64977 0
-1.60086 -3.16255 0
-0.542658 -1.53861 0
1.52775 -4.73908 0
0.751372 -5.10833 0
-0.605474 -1.25217 0
-0.224996 -5.56613 0
0.393878 -5.11993 0
-0.484957 -0.956578 0
0.338614 -0.782591 0
0.182959 -0.318587 0
-3.11296 -5.44649 0
2.33506 -5.05779 0
-0.552029 -3.71398 0
0.255546 -3.06515 0
1.09677 -4.13107 0
-2.37613 -4.49252 0
2.1519 -5.22186 0
2.43267 -4.43124 0
0.587581 -3.32798 0
-1.94428 -5.29525 0
0.449102 -2.10614 0
-1.85567 -3.88172 0
-0.120239 -4.02521 0
1.37499 -2.73873 0
-0.982455 -5.67662 0
-0.657545 -4.01388 0
0.543524 -1.49376 0
-0.0392033 -2.07216 0
-0.425486 -4.71085 0
0.784975 -4.26183 0
-0.200025 -1.23868 0
0.485929 -4.23449 0
0.342379 -1.33094 0
1.98549 -4.20892 0
-1.4799 -5.77629 0
-0.972979 -2.25669 0
0.323428 -4.01858 0
-0.951491 -2.80978 0
1.30098 -4.56945 0
-1.80096 -4.29871 0
1.12741 -3.54986 0
1.24681 -3.10549 0
0.360647 -3.3271 0
1.7067 -4.61678 0
-0.0012725 -0.824095 0
1.75388 -3.84692 0
1.92079 -5.21783 0
-0.00935845 -2.27651 0
-0.494475 -4.45015 0
-0.176093 -0.460509 0
-0.278891 -1.93918 0
-0.0140727 -1.06876 0
-0.586155 -2.1367 0
1.11764 -2.00877 0
-1.38805 -2.71831 0
2.34625 -4.20018 0
-0.960269 -3.07418 0
0.238188 -0.592187 0
-0.920447 -4.37002 0
-0.234914 -5.30172 0
0.296217 -3.58909 0
-1.55263 -5.42158 0
-0.899291 -5.46476 0
0.747378 -5.63294 0
-1.29441 -3.95587 0
-0.565868 -2.89481 0
-0.728781 -2.51828 0
-0.324946 -2.57687 0
1.06511 -5.39939 0
-0.70279 -4.83474 0
1.4322 -4.37824 0
-2.05655 -4.18197 0
0.803538 -3.7745 0
-0.360055 -1.74083 0
-1.20228 -3.20343 0
1.40176 -3.44601 0
-0.0219954 -3.75529 0
2.41194 -4.86998 0
1.30528 -3.82366 0
1.52959 -3.70033 0
-1.00988 -3.98138 0
1.79037 -5.60004 0
1.71935 -4.17533 0
-0.380643 -4.14167 0
-2.36085 -4.2674 0
0.426105 -5.50848 0
0.596205 -4.0152 0
0.775706 -3.04848 0
-0.371664 -5.76878 0
2.94378 -5.73789 0
2.11566 -4.76412 0
1.50671 -4.98624 0
0.72003 -1.59566 0
-1.69893 -3.41223 0
-1.1281 -2.04647 0
2.50189 -5.8284 0
-0.0470006 -1.85467 0
0.089731 -1.29298 0
0.957448 -4.53448 0
0.873556 -1.93911 0
-0.244994 -0.892421 0
0.109891 -3.95555 0
-1.07736 -3.38454 0
-1.51962 -4.93086 0
-1.16423 -4.49744 0
-2.78713 -5.02204 0
-1.64046 -2.87657 0
-1.03583 -4.7007 0
0.911941 -4.05277 0
0.423737 -1.04625 0
-2.19564 -4.88194 0
0.481379 -1.82146 0
2.77334 -5.03084 0
-0.134394 -2.94919 0
-2.35137 -5.50406 0
-2.18623 -3.83693 0
-1.19772 -2.90204 0
1.07936 -3.93019 0
0.279651 -4.37133 0
-0.13204 -3.20262 0
-1.03001 -3.78174 0
-1.20582 -5.36158 0
0.73332 -4.61465 0
2.43899 -4.66874 0
1.9323 -4.43563 0
-1.20989 -4.27041 0
-0.522728 -2.63785 0
-0.167813 -3.614 0
2.47412 -5.59028 0
-1.32048 -2.52403 0
-0.0679571 -2.61231 0
1.95592 -3.76329 0
-2.94784 -5.25317 0
2.25634 -5.75467 0
0.915546 -3.48756 0
2.66837 -5.35787 0
2.10703 -3.91169 0
0.337191 -1.54417 0
1.05442 -3.03707 0
1.13576 -4.80744 0
0.288758 -4.80721 0
-1.39497 -3.57203 0
1.34553 -5.4613 0
-2.91299 -5.57327 0
-0.870094 -2.02348 0
-0.365285 -3.24934 0
1.04211 -5.11995 0
1.77736 -3.15831 0
-2.58734 -4.8293 0
-0.83312 -1.80269 0
