94.58221010863781

110.78120211604983

201.69681292027235

211.46497910376638

20.217451453208923

110.85550629068166

309.90518499165773

166.8565711705014

6.59729428589344

191.7738119373098

100.18045660108328

126.71333046164364

236.2760789692402

251.08009774703532

94.03036776930094

294.2537885857746

344.35483776032925

98.06265088263899

273.0410886928439

159.43773386534303

86.37680262327194

31.36026815045625

28.21804005652666

95.66420938353986

51.926038041710854

212.17392592225224

233.15483834594488

113.79372978117317

105.17919883131981

225.27141880709678

372.28036615997553

53.18221680354327

133.6604129523039

294.9724670732394

155.4339675232768

164.41415359731764

186.4492893218994

298.30179281998426

350.01876819878817

213.42245775740594

383.09205062687397

292.4976648995653

61.98312100023031

111.68257312383503

274.4657911360264

49.06341258902103

196.8801761046052

52.16828032862395

236.84585951268673

261.54940801206976

132.25557636469603

5.756726092658937

380.42636662721634

69.25301731098443

332.61327762156725

7.770171272568405

153.5438183695078

14.024020568467677

138.20949401706457

39.34195765759796

323.8538734614849

122.36300047952682

58.924768306314945

183.2941935164854

317.7112262696028

280.00019977334887

4.464167170226574

9.214657894335687

399.0026146173477

241.14234738517553

182.1356015279889

117.42042365949601

268.6829525977373

289.5749533781782

293.45627184957266

146.49569930043072

166.2645883858204

43.8075726153329

360.83723846822977

224.09138947259635

254.50968705117702

173.44953718129545

215.59611689299345

15.673874295316637

168.57573837041855

169.0036575542763

378.54789812117815

100.9105073986575

310.86418963968754

82.26539252791554

364.4238939508796

282.37933272030205

172.82220348715782

129.51498788315803

141.36880729347467

6.290520052425563

264.9475406855345

224.69008381012827

176.76592748612165

149.90701933857054

336.24656796455383

84.72629108000547

0.6404506042599678

105.35193372052163

264.39539082348347

24.2532359668985

117.89092477411032

64.4901113351807

97.85411134362221

231.83357391972095

200.59882048517466

184.5714558614418

231.18421100080013

294.93247198406607

191.6662259027362

89.32345581706613

394.81905847787857

215.80505997408181

251.03166718035936

135.18043260555714

240.5375424772501

35.48935039434582

375.7140537723899

247.33700731303543

3.8908295333385468

58.09212711174041

224.93474874645472

5.3132862551137805

224.832246825099

142.5553027773276

181.56776409596205

132.71926527377218

7.800289988517761

204.09024499822408

381.16808105260134

220.9059527842328

202.50475592911243

242.46757125947624

139.8280953988433

191.19071157183498

386.66600063443184

89.34991259593517

312.11218778043985

175.34431933891028

231.95732198655605

41.855146014131606

10.319419018924236

169.02724800165743

334.4004675745964

24.537595664151013

16.32435042411089

287.86266173701733

90.46426750719547

96.97470276150852

117.24598910659552

130.8336337795481

300.1163922250271

99.14666425902396

96.19485829025507

30.692081968300045

278.0782353132963

201.79654026869684

209.34819262474775

146.06692304369062

154.5329213142395

3.958330233581364

280.603258498013

24.95894569437951

346.5364385396242

194.8405178496614

245.05879934877157

144.30990235414356

281.3818968832493

72.25258473772556

272.57460597902536

105.33331974875182

153.1669106334448

184.76199286524206

302.6592118665576

239.29452819284052

393.81410628557205

239.76913571823388

121.93571347743273

253.42740963678807

39.79475535452366

194.68775822315365

15.435715578496456

21.675364463590086

75.80553218722343

223.4183454187587

122.97140154987574

199.94399703573436

336.64839677512646

125.30197987798601

331.83572869747877

120.55301999207586

248.56360256671906

18.74216787982732

237.080748565495

95.57487729471177

191.2658292800188

36.682134331204

0.6240522488951683

33.747586025856435

361.93344071507454

116.12508643884212

240.4333407059312

150.6492969347164

122.40086756646633

148.88494613114744

381.0391200706363

26.822073734365404

110.80411523580551

235.75505123008043

196.62552196532488

143.53239114861935

298.92939664423466

261.2823253730312

177.9492488130927

200.85585170891136

76.5148900449276

181.3344166846946

54.336644150316715

297.7736213011667

143.7556218355894

90.6473051989451

102.0088879391551

28.968083462677896

93.26147437095642

112.54087903071195

369.9853168800473

228.00521242897958

62.71831877529621

227.989979297854

254.81486972421408

161.5911649307236

139.5022727549076

236.23841379303485

155.38565758615732

154.59059074055403

98.49708341062069

114.14343940559775

239.06265925616026

200.4941619699821

154.36463505029678

216.43821329344064

250.40354151278734

187.02282111626118

309.51858200132847

234.09971280489117

393.7026044353843

241.55624785926193

379.0511064231396

103.00962415058166

220.612851716578

76.07304460834712

73.86280111968517

130.09569982532412

154.09618597477674

186.29014079924673

223.2456773519516

79.14108477998525

379.95172906666994

34.68891594093293

318.16929765045643

33.44911134336144

337.1722673997283

122.11554141249508

56.52003362774849

227.55106289405376

138.37882224470377

227.6430410100147

271.54344879090786

115.14440628234297

151.58334504812956

271.38257024344057

324.73980635404587

15.448993002064526

274.5295377448201

129.93141438346356

344.4627020508051

55.16872911248356

132.86179807037115

209.1452052583918

391.47082194685936

198.2462139101699

333.3722898736596

153.92185680102557

332.68282525241375

130.59784735087305

203.5761384293437

49.68471934553236

304.3853521347046

242.01690622139722

348.8647507503629

145.25245267432183

146.14415653049946

222.4320890614763

58.48726090043783

1.7831178149208426

286.6683639585972

264.70902983564883

91.61010030657053

147.47998758684844

262.87785433232784

41.182280355133116

274.70469307154417

92.74657589849085

353.42376977205276

296.1052614497021

241.5132762864232

135.47838579397649

307.9121474176645

271.2056828895584

146.84284534305334

61.17887625005096

53.08067724108696

156.5339320572093

285.4372242465615

217.58714772295207

157.17858485877514

133.7919313693419

247.17726092785597

18.504846445284784

333.7996393442154

254.32996444869787

339.8591475561261

106.50978747289628

366.4182860404253

68.99897104594857

110.80086585134268

79.2437964817509

334.8789043724537

2.045810711570084

98.5267573967576

258.9622703148052

325.08819065988064

236.23899521771818

245.7802189514041

160.03295627888292

303.1606659293175

151.4123897301033

105.11452276259661

184.07145019154996

135.26730872690678

233.6143827298656

68.31176187843084

247.40091317798942

234.43731293082237

47.0500246854499

150.87992046028376

220.5235072178766

215.56297056376934

36.00363547448069

162.87806909531355

234.291049442254

239.857679605484

298.9293805556372

397.3196851089597

182.46238518040627

230.01707680523396

51.89731589052826

67.40409787744284

225.33497975673527

237.333295494318

73.5824016155675

23.826059140264988

274.138229037635

142.01234839856625

298.9839844638482

383.41343831270933

110.87598872836679

167.94463545084

104.06324893701822

200.34304279834032

73.30582241993397

193.17857660353184

198.48613722715527

11.184563301503658

209.74246838595718

337.3473696410656

18.659237888641655

185.0226441398263

83.3730251295492

207.29887299239635

188.2461432600394

109.90707855671644

280.77135568019

282.17861354351044

188.35177563596517

146.88112903386354

154.2992106406018

219.21591944992542

54.56218218896538

382.8379726037383

203.08156998362392

161.46317794919014

293.0272986413911

313.4552711620927

172.2437035990879