78.5102
97.3556
89.2669
68.7525
88.6316
67.7372
68.1451
57.8792
63.8605
72.1581
68.5619
64.1681
48.1133
65.9027
62.9755
70.9278
71.5597
71.567
42.2884
56.1358
65.977
55.4158
74.4337
68.7408
60.9771
71.0293
62.4384
103.759
75.8316
62.8234
81.2068
65.3608
73.8459
64.1645
66.693
78.0459
73.8898
25.9581
69.79
65.898
72.9838
77.2604
73.5255
70.4035
83.8652
76.0921
75.5417
66.3595
66.6895
84.131
82.8101
64.3782
73.8858
60.5854
49.0881
64.1114
62.9852
90.1138
74.4878
71.6797
65.4508
80.0071
70.3631
58.6406
73.1148
87.5317
61.7806
67.1064
73.031
24.4302
67.4339
43.2545
72.711
61.5489
74.877
72.0371
78.9919
47.5349
68.3089
61.6582
62.3621
63.0592
67.0639
74.7609
60.7054
4.29726
68.1886
16.6819
73.8569
79.83
71.2001
73.2672
75.0864
71.6011
43.0082
53.3648
68.6211
8.05417
87.8767
73.9052
65.5884
65.8146
68.1299
69.0902
67.1976
76.8797
68.3482
68.5002
50.6973
14.9464
80.0359
78.7888
57.9813
70.8579
62.327
80.3234
76.2629
73.2278
73.1432
66.6976
76.2579
76.4962
61.061
81.3124
76.3485
65.5664
76.0273
52.626
70.9429
